#include "game/component/Animator.h"
#include "game/resource/animation.h"

// 17 bones
AnimationMatrix const mario_animation_double_jump_start[] = { // 5 frames
	{
	-0.000001f, 0.000096f, -1.000000f, -0.000049f,
	-0.999881f, -0.015435f, 0.000000f, 0.511360f,
	-0.015435f, 0.999881f, 0.000096f, 0.000000f
	},
	{
	0.014598f, 0.007638f, -0.999864f, -0.000049f,
	-0.676302f, -0.736461f, -0.015500f, 0.715879f,
	-0.736480f, 0.676437f, -0.005585f, 0.003157f
	},
	{
	0.850524f, 0.505907f, -0.143763f, -0.240820f,
	-0.370557f, 0.770405f, 0.518810f, 0.870648f,
	0.373225f, -0.387988f, 0.842715f, 0.129910f
	},
	{
	0.985630f, -0.088691f, -0.143763f, -0.407114f,
	0.151384f, 0.841379f, 0.518810f, 0.943099f,
	0.074945f, -0.533118f, 0.842715f, 0.056937f
	},
	{
	0.859526f, -0.511044f, -0.006983f, -0.585001f,
	0.415245f, 0.690307f, 0.592493f, 0.915778f,
	-0.297969f, -0.512163f, 0.805545f, 0.043411f
	},
	{
	0.859527f, -0.511044f, -0.006983f, -0.585001f,
	0.415245f, 0.690307f, 0.592493f, 0.915778f,
	-0.297969f, -0.512163f, 0.805546f, 0.043411f
	},
	{
	-0.850816f, -0.524182f, -0.036686f, 0.234336f,
	-0.307984f, 0.554028f, -0.773433f, 0.880049f,
	0.425745f, -0.646750f, -0.632815f, 0.134780f
	},
	{
	-0.935714f, 0.350847f, -0.036686f, 0.400687f,
	0.248907f, 0.582964f, -0.773433f, 0.940266f,
	-0.249970f, -0.732843f, -0.632815f, 0.051538f
	},
	{
	-0.814956f, 0.579474f, 0.007539f, 0.569565f,
	0.318690f, 0.458986f, -0.829318f, 0.895343f,
	-0.484028f, -0.673455f, -0.558726f, 0.096653f
	},
	{
	-0.814956f, 0.579474f, 0.007539f, 0.569565f,
	0.318690f, 0.458986f, -0.829318f, 0.895343f,
	-0.484028f, -0.673455f, -0.558726f, 0.096653f
	},
	{
	0.242346f, 0.175700f, -0.954148f, -0.126387f,
	0.556729f, -0.830613f, -0.011547f, 0.550831f,
	-0.794557f, -0.528404f, -0.299113f, -0.023445f
	},
	{
	-0.241706f, 0.176580f, -0.954148f, -0.191266f,
	0.619187f, 0.785159f, -0.011547f, 0.401787f,
	0.747118f, -0.593587f, -0.299113f, 0.189267f
	},
	{
	0.105261f, 0.280218f, -0.954148f, -0.142554f,
	0.922492f, -0.385843f, -0.011547f, 0.276999f,
	-0.371387f, -0.878978f, -0.299113f, 0.038696f
	},
	{
	-0.227011f, -0.176130f, -0.957833f, 0.126285f,
	0.751356f, -0.657414f, -0.057187f, 0.550831f,
	-0.619620f, -0.732656f, 0.281577f, -0.023469f
	},
	{
	0.185631f, -0.219310f, -0.957833f, 0.187059f,
	0.624844f, 0.778652f, -0.057187f, 0.349683f,
	0.758360f, -0.587881f, 0.281577f, 0.142410f
	},
	{
	-0.076650f, -0.265755f, -0.960989f, 0.149647f,
	0.988852f, -0.143666f, -0.039142f, 0.223755f,
	-0.127659f, -0.953275f, 0.273804f, -0.010427f
	},
	{
	-0.037082f, -0.003208f, -0.999307f, -0.003869f,
	-0.621325f, -0.783135f, 0.025570f, 0.892865f,
	-0.782675f, 0.621842f, 0.027047f, 0.195891f
	},
	{
	-0.000001f, 0.000096f, -1.000000f, -0.000049f,
	-0.999881f, -0.015435f, 0.000000f, 0.511360f,
	-0.015435f, 0.999881f, 0.000096f, 0.000000f
	},
	{
	0.014604f, 0.006206f, -0.999874f, -0.000049f,
	-0.740807f, -0.671551f, -0.014988f, 0.715879f,
	-0.671559f, 0.740932f, -0.005210f, 0.003157f
	},
	{
	0.821847f, 0.525954f, -0.218951f, -0.240781f,
	-0.316549f, 0.741111f, 0.592074f, 0.881817f,
	0.473671f, -0.417286f, 0.775570f, 0.114975f
	},
	{
	0.975309f, -0.028850f, -0.218951f, -0.401468f,
	0.156303f, 0.790581f, 0.592074f, 0.943709f,
	0.156018f, -0.611678f, 0.775570f, 0.022363f
	},
	{
	0.912075f, -0.402305f, -0.079186f, -0.577492f,
	0.350064f, 0.663485f, 0.661243f, 0.915499f,
	-0.213482f, -0.630824f, 0.745980f, -0.005795f
	},
	{
	0.912075f, -0.402304f, -0.079187f, -0.577492f,
	0.350064f, 0.663485f, 0.661243f, 0.915499f,
	-0.213482f, -0.630824f, 0.745980f, -0.005795f
	},
	{
	-0.820894f, -0.560222f, -0.110834f, 0.234380f,
	-0.239608f, 0.514043f, -0.823619f, 0.891169f,
	0.518383f, -0.649547f, -0.556208f, 0.119472f
	},
	{
	-0.960170f, 0.256495f, -0.110834f, 0.394881f,
	0.233178f, 0.516991f, -0.823619f, 0.938017f,
	-0.153953f, -0.816658f, -0.556208f, 0.018117f
	},
	{
	-0.883769f, 0.464342f, -0.057788f, 0.568173f,
	0.270156f, 0.405502f, -0.873260f, 0.895933f,
	-0.382059f, -0.787372f, -0.483815f, 0.045903f
	},
	{
	-0.883769f, 0.464342f, -0.057788f, 0.568173f,
	0.270156f, 0.405502f, -0.873260f, 0.895933f,
	-0.382059f, -0.787372f, -0.483815f, 0.045903f
	},
	{
	0.226879f, 0.184905f, -0.956209f, -0.126387f,
	0.606803f, -0.794793f, -0.009716f, 0.550831f,
	-0.761784f, -0.578027f, -0.292522f, -0.023445f
	},
	{
	-0.234053f, 0.175735f, -0.956209f, -0.187125f,
	0.625479f, 0.780180f, -0.009716f, 0.388382f,
	0.744308f, -0.600363f, -0.292522f, 0.180494f
	},
	{
	0.099758f, 0.275158f, -0.956209f, -0.139955f,
	0.928785f, -0.370493f, -0.009716f, 0.262325f,
	-0.356942f, -0.887143f, -0.292522f, 0.030489f
	},
	{
	-0.211760f, -0.184857f, -0.959680f, 0.126285f,
	0.790713f, -0.609522f, -0.057068f, 0.550831f,
	-0.574397f, -0.770916f, 0.275241f, -0.023469f
	},
	{
	0.175004f, -0.219973f, -0.959680f, 0.182976f,
	0.644960f, 0.762083f, -0.057068f, 0.339147f,
	0.743909f, -0.608968f, 0.275241f, 0.130303f
	},
	{
	-0.072172f, -0.260167f, -0.962863f, 0.147706f,
	0.990842f, -0.129159f, -0.039370f, 0.209165f,
	-0.114120f, -0.956886f, 0.267106f, -0.019621f
	},
	{
	-0.036507f, -0.002535f, -0.999330f, -0.003870f,
	-0.728268f, -0.684705f, 0.028341f, 0.909746f,
	-0.684319f, 0.728815f, 0.023150f, 0.178902f
	},
	{
	-0.000001f, 0.000096f, -1.000000f, -0.000049f,
	-0.999881f, -0.015435f, 0.000000f, 0.511360f,
	-0.015435f, 0.999881f, 0.000096f, 0.000000f
	},
	{
	0.014717f, 0.002672f, -0.999888f, -0.000049f,
	-0.869472f, -0.493781f, -0.014117f, 0.715879f,
	-0.493763f, 0.869582f, -0.004944f, 0.003157f
	},
	{
	0.742349f, 0.523449f, -0.418233f, -0.240700f,
	-0.082750f, 0.691065f, 0.718040f, 0.902608f,
	0.664884f, -0.498428f, 0.556327f, 0.075337f
	},
	{
	0.906792f, 0.052996f, -0.418233f, -0.385844f,
	0.294315f, 0.630711f, 0.718040f, 0.918787f,
	0.301838f, -0.774205f, 0.556327f, -0.054662f
	},
	{
	0.943955f, -0.174127f, -0.280408f, -0.549502f,
	0.330035f, 0.511015f, 0.793688f, 0.865669f,
	0.005091f, -0.841750f, 0.539843f, -0.109137f
	},
	{
	0.943955f, -0.174126f, -0.280409f, -0.549502f,
	0.330035f, 0.511015f, 0.793688f, 0.865669f,
	0.005092f, -0.841750f, 0.539843f, -0.109137f
	},
	{
	-0.739343f, -0.593035f, -0.318877f, 0.234466f,
	0.018848f, 0.455169f, -0.890206f, 0.911932f,
	0.673065f, -0.664177f, -0.325348f, 0.079171f
	},
	{
	-0.946104f, 0.056608f, -0.318877f, 0.379023f,
	0.319468f, 0.324768f, -0.890206f, 0.908247f,
	0.053169f, -0.944098f, -0.325348f, -0.052426f
	},
	{
	-0.944734f, 0.210100f, -0.251667f, 0.549776f,
	0.295028f, 0.210111f, -0.932101f, 0.850589f,
	-0.142957f, -0.954836f, -0.260484f, -0.062022f
	},
	{
	-0.944734f, 0.210100f, -0.251667f, 0.549776f,
	0.295028f, 0.210111f, -0.932101f, 0.850589f,
	-0.142957f, -0.954836f, -0.260484f, -0.062022f
	},
	{
	0.190322f, 0.207399f, -0.959564f, -0.126387f,
	0.716814f, -0.697212f, -0.008520f, 0.550831f,
	-0.670786f, -0.686208f, -0.281361f, -0.023445f
	},
	{
	-0.221439f, 0.173786f, -0.959564f, -0.177339f,
	0.639942f, 0.768375f, -0.008520f, 0.358931f,
	0.735825f, -0.615952f, -0.281361f, 0.156132f
	},
	{
	0.091701f, 0.266135f, -0.959564f, -0.132711f,
	0.935554f, -0.353080f, -0.008520f, 0.229959f,
	-0.341070f, -0.896943f, -0.281361f, 0.007837f
	},
	{
	-0.174972f, -0.207395f, -0.962482f, 0.126285f,
	0.874061f, -0.482706f, -0.054884f, 0.550831f,
	-0.453214f, -0.850871f, 0.265735f, -0.023469f
	},
	{
	0.155163f, -0.222603f, -0.962482f, 0.173127f,
	0.692091f, 0.719721f, -0.054884f, 0.316834f,
	0.704936f, -0.657609f, 0.265735f, 0.097861f
	},
	{
	-0.060625f, -0.252206f, -0.965773f, 0.141856f,
	0.994870f, -0.093771f, -0.037964f, 0.177353f,
	-0.080987f, -0.963120f, 0.256596f, -0.044209f
	},
	{
	-0.036010f, -0.001303f, -0.999350f, -0.003900f,
	-0.918215f, -0.394654f, 0.033602f, 0.943417f,
	-0.394442f, 0.918829f, 0.013015f, 0.132373f
	},
	{
	-0.000001f, 0.000096f, -1.000000f, -0.000049f,
	-0.999881f, -0.015435f, 0.000000f, 0.511360f,
	-0.015435f, 0.999881f, 0.000096f, 0.000000f
	},
	{
	0.014740f, -0.001441f, -0.999890f, -0.000049f,
	-0.968750f, -0.247649f, -0.013924f, 0.715879f,
	-0.247602f, 0.968849f, -0.005046f, 0.003157f
	},
	{
	0.626736f, 0.415991f, -0.658904f, -0.240582f,
	0.337080f, 0.617639f, 0.710563f, 0.915258f,
	0.702552f, -0.667438f, 0.246874f, 0.022716f
	},
	{
	0.749456f, 0.064515f, -0.658904f, -0.363121f,
	0.591967f, 0.380363f, 0.710563f, 0.849352f,
	0.296464f, -0.922584f, 0.246874f, -0.114647f
	},
	{
	0.842116f, 0.020064f, -0.538922f, -0.498383f,
	0.513055f, 0.278117f, 0.812050f, 0.742514f,
	0.166176f, -0.960338f, 0.223913f, -0.168153f
	},
	{
	0.842116f, 0.020064f, -0.538923f, -0.498383f,
	0.513055f, 0.278117f, 0.812050f, 0.742513f,
	0.166177f, -0.960337f, 0.223913f, -0.168153f
	},
	{
	-0.622956f, -0.518906f, -0.585374f, 0.234586f,
	0.427035f, 0.401389f, -0.810264f, 0.924789f,
	0.655413f, -0.754734f, -0.028456f, 0.025859f
	},
	{
	-0.805658f, -0.090845f, -0.585374f, 0.356386f,
	0.577396f, 0.100427f, -0.810264f, 0.841295f,
	0.132396f, -0.990788f, -0.028456f, -0.102287f
	},
	{
	-0.855727f, -0.030931f, -0.516501f, 0.501791f,
	0.517162f, -0.019170f, -0.855673f, 0.737087f,
	0.016565f, -0.999337f, 0.032401f, -0.126182f
	},
	{
	-0.855727f, -0.030931f, -0.516501f, 0.501791f,
	0.517162f, -0.019170f, -0.855673f, 0.737087f,
	0.016565f, -0.999337f, 0.032401f, -0.126182f
	},
	{
	0.148343f, 0.236623f, -0.960210f, -0.126387f,
	0.827407f, -0.561504f, -0.010544f, 0.550831f,
	-0.541657f, -0.792920f, -0.279078f, -0.023445f
	},
	{
	-0.216971f, 0.175839f, -0.960210f, -0.166100f,
	0.657338f, 0.753522f, -0.010544f, 0.329324f,
	0.721686f, -0.633470f, -0.279078f, 0.121563f
	},
	{
	0.083086f, 0.266632f, -0.960210f, -0.122373f,
	0.943254f, -0.331903f, -0.010544f, 0.196847f,
	-0.321508f, -0.904847f, -0.279078f, -0.023883f
	},
	{
	-0.128811f, -0.233937f, -0.963681f, 0.126285f,
	0.949357f, -0.309923f, -0.051661f, 0.550831f,
	-0.286581f, -0.921532f, 0.262011f, -0.023469f
	},
	{
	0.136551f, -0.229506f, -0.963681f, 0.160769f,
	0.747837f, 0.661870f, -0.051661f, 0.296676f,
	0.649688f, -0.713621f, 0.262011f, 0.053252f
	},
	{
	-0.047477f, -0.249588f, -0.967188f, 0.133249f,
	0.998025f, -0.051729f, -0.035641f, 0.145960f,
	-0.041136f, -0.966970f, 0.251551f, -0.077684f
	},
	{
	-0.036665f, 0.000312f, -0.999328f, -0.003906f,
	-0.999229f, 0.014032f, 0.036666f, 0.969397f,
	0.014034f, 0.999901f, -0.000202f, 0.067954f
	},
	{
	-0.000001f, 0.000096f, -1.000000f, -0.000049f,
	-0.999881f, -0.015435f, 0.000000f, 0.511360f,
	-0.015435f, 0.999881f, 0.000096f, 0.000000f
	},
	{
	0.014858f, -0.005081f, -0.999877f, -0.000049f,
	-0.999689f, -0.020113f, -0.014753f, 0.715879f,
	-0.020036f, 0.999785f, -0.005378f, 0.003157f
	},
	{
	0.506365f, 0.238903f, -0.828565f, -0.240493f,
	0.706122f, 0.436645f, 0.557435f, 0.914452f,
	0.494961f, -0.867333f, 0.052407f, -0.024156f
	},
	{
	0.559793f, -0.010571f, -0.828565f, -0.339497f,
	0.826548f, 0.078011f, 0.557435f, 0.776391f,
	0.058745f, -0.996896f, 0.052407f, -0.120931f
	},
	{
	0.672371f, 0.067202f, -0.737157f, -0.440529f,
	0.734612f, 0.061706f, 0.675676f, 0.627216f,
	0.090894f, -0.995829f, -0.007878f, -0.131533f
	},
	{
	0.672371f, 0.067202f, -0.737157f, -0.440529f,
	0.734612f, 0.061707f, 0.675675f, 0.627215f,
	0.090895f, -0.995829f, -0.007878f, -0.131533f
	},
	{
	-0.508879f, -0.365605f, -0.779343f, 0.234668f,
	0.740644f, 0.275464f, -0.612835f, 0.924471f,
	0.438736f, -0.889074f, 0.130606f, -0.021540f
	},
	{
	-0.616413f, -0.112516f, -0.779343f, 0.334164f,
	0.787264f, -0.068178f, -0.612835f, 0.779660f,
	0.015819f, -0.991308f, 0.130606f, -0.107322f
	},
	{
	-0.681389f, -0.121983f, -0.721685f, 0.445414f,
	0.731042f, -0.161731f, -0.662888f, 0.637574f,
	-0.035858f, -0.979267f, 0.199376f, -0.110177f
	},
	{
	-0.681389f, -0.121982f, -0.721685f, 0.445414f,
	0.731042f, -0.161731f, -0.662888f, 0.637574f,
	-0.035858f, -0.979267f, 0.199376f, -0.110177f
	},
	{
	0.114468f, 0.262305f, -0.958172f, -0.126387f,
	0.899342f, -0.437075f, -0.012211f, 0.550831f,
	-0.421996f, -0.860326f, -0.285933f, -0.023445f
	},
	{
	-0.219111f, 0.184112f, -0.958172f, -0.157032f,
	0.674027f, 0.738606f, -0.012212f, 0.310066f,
	0.705463f, -0.648509f, -0.285933f, 0.089528f
	},
	{
	0.078625f, 0.275182f, -0.958172f, -0.112873f,
	0.949415f, -0.313786f, -0.012211f, 0.174225f,
	-0.304021f, -0.908742f, -0.285933f, -0.052648f
	},
	{
	-0.087910f, -0.260522f, -0.961457f, 0.126285f,
	0.988568f, -0.141510f, -0.052045f, 0.550831f,
	-0.122497f, -0.955041f, 0.269983f, -0.023469f
	},
	{
	0.123211f, -0.245802f, -0.961457f, 0.149820f,
	0.796263f, 0.602707f, -0.052045f, 0.286179f,
	0.592270f, -0.759161f, 0.269983f, 0.009325f
	},
	{
	-0.039774f, -0.257720f, -0.965401f, 0.124988f,
	0.999187f, -0.016596f, -0.036736f, 0.125703f,
	-0.006554f, -0.966077f, 0.258171f, -0.110039f
	},
	{
	-0.038549f, 0.001871f, -0.999255f, -0.003937f,
	-0.930503f, 0.364454f, 0.036579f, 0.977494f,
	0.364251f, 0.931219f, -0.012308f, 0.008401f
	},
};

