#include "game/component/Animator.h"
#include "game/resource/animation.h"

// 17 bones
AnimationMatrix const mario_animation_crouching[] = { // 89 frames
	{
	-0.000039f, 0.000088f, -1.000000f, -0.000049f,
	-0.914946f, -0.403575f, 0.000000f, 0.315840f,
	-0.403575f, 0.914946f, 0.000096f, -0.105280f
	},
	{
	-0.000095f, -0.000014f, -1.000000f, -0.000041f,
	0.143316f, -0.989677f, 0.000000f, 0.502987f,
	-0.989677f, -0.143316f, 0.000096f, -0.022731f
	},
	{
	0.979021f, -0.201168f, 0.032391f, -0.237653f,
	-0.159206f, -0.656017f, 0.737764f, 0.503873f,
	-0.127165f, -0.727443f, -0.674281f, 0.181058f
	},
	{
	0.228251f, -0.973063f, 0.032391f, -0.429072f,
	-0.662268f, -0.130790f, 0.737764f, 0.535001f,
	-0.713654f, -0.189847f, -0.674281f, 0.205922f
	},
	{
	-0.086759f, 0.209366f, -0.973981f, -0.470266f,
	-0.981282f, -0.186681f, 0.047280f, 0.654527f,
	-0.171925f, 0.959852f, 0.221643f, 0.334722f
	},
	{
	-0.086759f, 0.209366f, -0.973981f, -0.470266f,
	-0.981282f, -0.186682f, 0.047281f, 0.654527f,
	-0.171926f, 0.959852f, 0.221643f, 0.334722f
	},
	{
	-0.914860f, 0.301683f, -0.268364f, 0.237611f,
	-0.040685f, -0.730136f, -0.682089f, 0.503442f,
	-0.401717f, -0.613098f, 0.680246f, 0.183990f
	},
	{
	-0.157735f, 0.950316f, -0.268364f, 0.416484f,
	-0.665505f, -0.303081f, -0.682089f, 0.511396f,
	-0.729536f, 0.071008f, 0.680246f, 0.262534f
	},
	{
	-0.199389f, -0.188916f, -0.961538f, 0.444952f,
	-0.971114f, -0.093162f, 0.219679f, 0.631507f,
	-0.131079f, 0.977564f, -0.164884f, 0.394200f
	},
	{
	-0.199389f, -0.188916f, -0.961538f, 0.444953f,
	-0.971114f, -0.093162f, 0.219679f, 0.631507f,
	-0.131079f, 0.977564f, -0.164884f, 0.394200f
	},
	{
	0.446356f, -0.051551f, -0.893370f, -0.126385f,
	0.169181f, -0.975473f, 0.140817f, 0.361330f,
	-0.878717f, -0.213996f, -0.426686f, -0.111504f
	},
	{
	-0.083797f, 0.441440f, -0.893370f, -0.245880f,
	0.880746f, 0.452169f, 0.140817f, 0.316038f,
	0.466116f, -0.775032f, -0.426686f, 0.123740f
	},
	{
	0.448248f, 0.155402f, -0.880298f, -0.228992f,
	0.344962f, -0.938564f, 0.009967f, 0.138536f,
	-0.824666f, -0.308137f, -0.474317f, 0.029800f
	},
	{
	-0.499058f, -0.053396f, -0.864922f, 0.126287f,
	0.077912f, -0.996822f, 0.016583f, 0.361330f,
	-0.863059f, -0.059112f, 0.501633f, -0.111528f
	},
	{
	0.113991f, -0.488791f, -0.864922f, 0.259890f,
	0.979827f, 0.199160f, 0.016583f, 0.340471f,
	0.164152f, -0.849364f, 0.501633f, 0.119523f
	},
	{
	-0.448719f, -0.187997f, -0.873675f, 0.236917f,
	0.344430f, -0.938478f, 0.025043f, 0.143001f,
	-0.824633f, -0.289683f, 0.485865f, 0.086441f
	},
	{
	-0.000070f, 0.000065f, -1.000000f, -0.000016f,
	-0.677927f, -0.735130f, 0.000000f, 0.465481f,
	-0.735130f, 0.677927f, 0.000096f, 0.236264f
	},
	{
	-0.000039f, 0.000088f, -1.000000f, -0.000049f,
	-0.915663f, -0.401947f, 0.000000f, 0.315645f,
	-0.401947f, 0.915663f, 0.000096f, -0.105280f
	},
	{
	-0.000095f, -0.000013f, -1.000000f, -0.000041f,
	0.140543f, -0.990074f, 0.000000f, 0.502938f,
	-0.990074f, -0.140543f, 0.000096f, -0.023064f
	},
	{
	0.979021f, -0.201168f, 0.032391f, -0.237653f,
	-0.159562f, -0.658052f, 0.735872f, 0.504395f,
	-0.126719f, -0.725603f, -0.676345f, 0.180722f
	},
	{
	0.230414f, -0.972553f, 0.032391f, -0.429072f,
	-0.663970f, -0.132798f, 0.735872f, 0.535593f,
	-0.711374f, -0.191062f, -0.676345f, 0.205498f
	},
	{
	-0.085005f, 0.208071f, -0.974413f, -0.470657f,
	-0.981901f, -0.183609f, 0.046451f, 0.655426f,
	-0.169246f, 0.960726f, 0.219912f, 0.333887f
	},
	{
	-0.085006f, 0.208071f, -0.974413f, -0.470657f,
	-0.981901f, -0.183609f, 0.046452f, 0.655426f,
	-0.169246f, 0.960726f, 0.219912f, 0.333887f
	},
	{
	-0.914860f, 0.301683f, -0.268364f, 0.237611f,
	-0.041810f, -0.731851f, -0.680181f, 0.503972f,
	-0.401602f, -0.611050f, 0.682154f, 0.183655f
	},
	{
	-0.159412f, 0.950036f, -0.268364f, 0.416484f,
	-0.667010f, -0.304057f, -0.680181f, 0.512147f,
	-0.727795f, 0.070573f, 0.682154f, 0.262176f
	},
	{
	-0.200712f, -0.187852f, -0.961471f, 0.445255f,
	-0.971176f, -0.090659f, 0.220451f, 0.632529f,
	-0.128579f, 0.978004f, -0.164241f, 0.393528f
	},
	{
	-0.200712f, -0.187852f, -0.961471f, 0.445255f,
	-0.971176f, -0.090659f, 0.220451f, 0.632529f,
	-0.128579f, 0.978004f, -0.164241f, 0.393528f
	},
	{
	0.446488f, -0.051097f, -0.893329f, -0.126385f,
	0.169717f, -0.975409f, 0.140616f, 0.361123f,
	-0.878547f, -0.214396f, -0.426837f, -0.111584f
	},
	{
	-0.084270f, 0.441431f, -0.893329f, -0.245916f,
	0.880526f, 0.452661f, 0.140616f, 0.315688f,
	0.466447f, -0.774750f, -0.426837f, 0.123613f
	},
	{
	0.448295f, 0.155863f, -0.880192f, -0.228932f,
	0.345477f, -0.938376f, 0.009790f, 0.138231f,
	-0.824425f, -0.308475f, -0.474516f, 0.029607f
	},
	{
	-0.498864f, -0.054030f, -0.864994f, 0.126287f,
	0.078655f, -0.996759f, 0.016898f, 0.361123f,
	-0.863104f, -0.059606f, 0.501497f, -0.111609f
	},
	{
	0.114597f, -0.488520f, -0.864994f, 0.259838f,
	0.979673f, 0.199890f, 0.016898f, 0.340066f,
	0.164649f, -0.849348f, 0.501497f, 0.119455f
	},
	{
	-0.448358f, -0.187743f, -0.873915f, 0.236743f,
	0.345122f, -0.938238f, 0.024498f, 0.142627f,
	-0.824540f, -0.290623f, 0.485461f, 0.086272f
	},
	{
	-0.000070f, 0.013446f, -0.999910f, -0.000016f,
	-0.679917f, -0.733224f, -0.009812f, 0.466159f,
	-0.733290f, 0.679855f, 0.009193f, 0.236035f
	},
	{
	-0.000038f, 0.000088f, -1.000000f, -0.000049f,
	-0.916527f, -0.399972f, 0.000000f, 0.315283f,
	-0.399972f, 0.916527f, 0.000096f, -0.105280f
	},
	{
	-0.000095f, -0.000013f, -1.000000f, -0.000041f,
	0.137373f, -0.990519f, 0.000000f, 0.502753f,
	-0.990519f, -0.137373f, 0.000096f, -0.023468f
	},
	{
	0.979021f, -0.201167f, 0.032391f, -0.237654f,
	-0.159966f, -0.660371f, 0.733704f, 0.504862f,
	-0.126207f, -0.723493f, -0.678697f, 0.180312f
	},
	{
	0.234289f, -0.971627f, 0.032391f, -0.429072f,
	-0.665707f, -0.136063f, 0.733704f, 0.536139f,
	-0.708479f, -0.193461f, -0.678697f, 0.204988f
	},
	{
	-0.081861f, 0.205746f, -0.975175f, -0.471356f,
	-0.982685f, -0.179849f, 0.044546f, 0.656285f,
	-0.166219f, 0.961937f, 0.216906f, 0.332855f
	},
	{
	-0.081862f, 0.205746f, -0.975175f, -0.471356f,
	-0.982685f, -0.179849f, 0.044547f, 0.656286f,
	-0.166219f, 0.961937f, 0.216906f, 0.332855f
	},
	{
	-0.914860f, 0.301683f, -0.268364f, 0.237611f,
	-0.043096f, -0.733803f, -0.677994f, 0.504449f,
	-0.401466f, -0.608704f, 0.684328f, 0.183246f
	},
	{
	-0.161725f, 0.949645f, -0.268364f, 0.416484f,
	-0.668595f, -0.305459f, -0.677994f, 0.512875f,
	-0.725828f, 0.069778f, 0.684328f, 0.261741f
	},
	{
	-0.202538f, -0.186382f, -0.961374f, 0.445672f,
	-0.971164f, -0.087856f, 0.221634f, 0.633543f,
	-0.125771f, 0.978541f, -0.163213f, 0.392739f
	},
	{
	-0.202538f, -0.186382f, -0.961374f, 0.445673f,
	-0.971164f, -0.087856f, 0.221634f, 0.633543f,
	-0.125771f, 0.978541f, -0.163213f, 0.392738f
	},
	{
	0.446636f, -0.050292f, -0.893301f, -0.126385f,
	0.170183f, -0.975416f, 0.140004f, 0.360748f,
	-0.878382f, -0.214555f, -0.427097f, -0.111683f
	},
	{
	-0.085082f, 0.441332f, -0.893301f, -0.245955f,
	0.880393f, 0.453108f, 0.140004f, 0.315188f,
	0.466550f, -0.774544f, -0.427097f, 0.123471f
	},
	{
	0.448293f, 0.156669f, -0.880050f, -0.228808f,
	0.345936f, -0.938213f, 0.009195f, 0.137757f,
	-0.824234f, -0.308563f, -0.474792f, 0.029444f
	},
	{
	-0.498677f, -0.055049f, -0.865038f, 0.126287f,
	0.079621f, -0.996671f, 0.017525f, 0.360748f,
	-0.863123f, -0.060136f, 0.501400f, -0.111707f
	},
	{
	0.115585f, -0.488211f, -0.865038f, 0.259789f,
	0.979468f, 0.200838f, 0.017525f, 0.339432f,
	0.165177f, -0.849302f, 0.501400f, 0.119362f
	},
	{
	-0.447902f, -0.187299f, -0.874244f, 0.236494f,
	0.346016f, -0.937930f, 0.023669f, 0.142034f,
	-0.824413f, -0.291901f, 0.484910f, 0.086073f
	},
	{
	-0.000069f, 0.037499f, -0.999297f, -0.000016f,
	-0.682194f, -0.730660f, -0.027372f, 0.466803f,
	-0.731172f, 0.681712f, 0.025632f, 0.235747f
	},
	{
	-0.000038f, 0.000088f, -1.000000f, -0.000049f,
	-0.917509f, -0.397714f, 0.000000f, 0.315088f,
	-0.397714f, 0.917509f, 0.000096f, -0.105280f
	},
	{
	-0.000095f, -0.000013f, -1.000000f, -0.000041f,
	0.133888f, -0.990997f, 0.000000f, 0.502759f,
	-0.990997f, -0.133888f, 0.000096f, -0.023930f
	},
	{
	0.979021f, -0.201167f, 0.032390f, -0.237654f,
	-0.160409f, -0.662912f, 0.731311f, 0.505585f,
	-0.125644f, -0.721165f, -0.681274f, 0.179842f
	},
	{
	0.239589f, -0.970334f, 0.032390f, -0.429072f,
	-0.667439f, -0.140388f, 0.731311f, 0.536948f,
	-0.705069f, -0.196833f, -0.681274f, 0.204408f
	},
	{
	-0.077554f, 0.202557f, -0.976195f, -0.472313f,
	-0.983589f, -0.175534f, 0.041719f, 0.657407f,
	-0.162905f, 0.963410f, 0.212846f, 0.331659f
	},
	{
	-0.077555f, 0.202557f, -0.976194f, -0.472313f,
	-0.983589f, -0.175535f, 0.041719f, 0.657407f,
	-0.162906f, 0.963410f, 0.212846f, 0.331659f
	},
	{
	-0.914860f, 0.301683f, -0.268364f, 0.237611f,
	-0.044508f, -0.735940f, -0.675583f, 0.505182f,
	-0.401312f, -0.606119f, 0.686709f, 0.182777f
	},
	{
	-0.164566f, 0.949157f, -0.268364f, 0.416484f,
	-0.670227f, -0.307219f, -0.675583f, 0.513884f,
	-0.723681f, 0.068687f, 0.686709f, 0.261242f
	},
	{
	-0.204782f, -0.184576f, -0.961247f, 0.446185f,
	-0.971084f, -0.084818f, 0.223164f, 0.634847f,
	-0.122722f, 0.979151f, -0.161870f, 0.391852f
	},
	{
	-0.204782f, -0.184576f, -0.961247f, 0.446185f,
	-0.971084f, -0.084818f, 0.223164f, 0.634847f,
	-0.122722f, 0.979151f, -0.161870f, 0.391852f
	},
	{
	0.446794f, -0.049195f, -0.893283f, -0.126385f,
	0.170584f, -0.975484f, 0.139043f, 0.360537f,
	-0.878223f, -0.214503f, -0.427448f, -0.111794f
	},
	{
	-0.086176f, 0.441156f, -0.893283f, -0.245998f,
	0.880338f, 0.453511f, 0.139043f, 0.314869f,
	0.466453f, -0.774409f, -0.427448f, 0.123317f
	},
	{
	0.448247f, 0.157763f, -0.879878f, -0.228630f,
	0.346343f, -0.938072f, 0.008244f, 0.137450f,
	-0.824088f, -0.308435f, -0.475128f, 0.029309f
	},
	{
	-0.498497f, -0.056390f, -0.865055f, 0.126287f,
	0.080768f, -0.996563f, 0.018419f, 0.360537f,
	-0.863121f, -0.060687f, 0.501338f, -0.111819f
	},
	{
	0.116894f, -0.487868f, -0.865055f, 0.259740f,
	0.979220f, 0.201963f, 0.018419f, 0.338914f,
	0.165723f, -0.849233f, 0.501338f, 0.119249f
	},
	{
	-0.447366f, -0.186694f, -0.874648f, 0.236182f,
	0.347073f, -0.937566f, 0.022603f, 0.141566f,
	-0.824260f, -0.293455f, 0.484231f, 0.085850f
	},
	{
	-0.000068f, 0.071086f, -0.997470f, -0.000016f,
	-0.684695f, -0.726990f, -0.051763f, 0.467721f,
	-0.728830f, 0.682960f, 0.048722f, 0.235410f
	},
	{
	-0.000038f, 0.000088f, -1.000000f, -0.000049f,
	-0.918579f, -0.395238f, 0.000000f, 0.315394f,
	-0.395238f, 0.918579f, 0.000096f, -0.105280f
	},
	{
	-0.000095f, -0.000012f, -1.000000f, -0.000041f,
	0.130171f, -0.991492f, 0.000000f, 0.503284f,
	-0.991492f, -0.130171f, 0.000096f, -0.024436f
	},
	{
	0.979021f, -0.201167f, 0.032390f, -0.237654f,
	-0.160879f, -0.665612f, 0.728752f, 0.506874f,
	-0.125041f, -0.718674f, -0.684012f, 0.179323f
	},
	{
	0.246029f, -0.968721f, 0.032390f, -0.429072f,
	-0.669126f, -0.145573f, 0.728752f, 0.538329f,
	-0.701242f, -0.200967f, -0.684012f, 0.203771f
	},
	{
	-0.072310f, 0.198667f, -0.977396f, -0.473475f,
	-0.984567f, -0.170801f, 0.038124f, 0.659093f,
	-0.159367f, 0.965069f, 0.207951f, 0.330332f
	},
	{
	-0.072311f, 0.198667f, -0.977396f, -0.473475f,
	-0.984567f, -0.170802f, 0.038124f, 0.659093f,
	-0.159367f, 0.965069f, 0.207952f, 0.330332f
	},
	{
	-0.914860f, 0.301684f, -0.268364f, 0.237611f,
	-0.046013f, -0.738207f, -0.673003f, 0.506482f,
	-0.401142f, -0.603355f, 0.689237f, 0.182260f
	},
	{
	-0.167825f, 0.948586f, -0.268364f, 0.416484f,
	-0.671878f, -0.309268f, -0.673003f, 0.515479f,
	-0.721398f, 0.067361f, 0.689237f, 0.260692f
	},
	{
	-0.207357f, -0.182505f, -0.961091f, 0.446773f,
	-0.970939f, -0.081614f, 0.224980f, 0.636740f,
	-0.119499f, 0.979812f, -0.160278f, 0.390889f
	},
	{
	-0.207357f, -0.182505f, -0.961091f, 0.446773f,
	-0.970939f, -0.081614f, 0.224980f, 0.636740f,
	-0.119499f, 0.979812f, -0.160278f, 0.390889f
	},
	{
	0.446956f, -0.047863f, -0.893275f, -0.126386f,
	0.170924f, -0.975601f, 0.137797f, 0.360825f,
	-0.878075f, -0.214271f, -0.427870f, -0.111917f
	},
	{
	-0.087496f, 0.440914f, -0.893275f, -0.246041f,
	0.880349f, 0.453870f, 0.137797f, 0.315067f,
	0.466187f, -0.774336f, -0.427870f, 0.123154f
	},
	{
	0.448162f, 0.159088f, -0.879683f, -0.228407f,
	0.346699f, -0.937950f, 0.007004f, 0.137645f,
	-0.823984f, -0.308123f, -0.475510f, 0.029201f
	},
	{
	-0.498321f, -0.057992f, -0.865051f, 0.126287f,
	0.082055f, -0.996437f, 0.019532f, 0.360825f,
	-0.863101f, -0.061248f, 0.501303f, -0.111941f
	},
	{
	0.118462f, -0.487497f, -0.865051f, 0.259693f,
	0.978938f, 0.203224f, 0.019532f, 0.338858f,
	0.166278f, -0.849145f, 0.501303f, 0.119121f
	},
	{
	-0.446762f, -0.185955f, -0.875114f, 0.235819f,
	0.348254f, -0.937157f, 0.021349f, 0.141567f,
	-0.824089f, -0.295224f, 0.483446f, 0.085610f
	},
	{
	-0.000068f, 0.113028f, -0.993592f, -0.000016f,
	-0.687357f, -0.721671f, -0.082048f, 0.469219f,
	-0.726320f, 0.682947f, 0.077740f, 0.235033f
	},
	{
	-0.000038f, 0.000088f, -1.000000f, -0.000049f,
	-0.919705f, -0.392609f, 0.000000f, 0.316536f,
	-0.392609f, 0.919705f, 0.000096f, -0.105280f
	},
	{
	-0.000095f, -0.000012f, -1.000000f, -0.000041f,
	0.126305f, -0.991992f, 0.000000f, 0.504656f,
	-0.991992f, -0.126305f, 0.000096f, -0.024974f
	},
	{
	0.979021f, -0.201167f, 0.032390f, -0.237654f,
	-0.161364f, -0.668409f, 0.726080f, 0.509040f,
	-0.124413f, -0.716074f, -0.686847f, 0.178770f
	},
	{
	0.253323f, -0.966840f, 0.032390f, -0.429072f,
	-0.670732f, -0.151415f, 0.726080f, 0.540590f,
	-0.697098f, -0.205657f, -0.686847f, 0.203095f
	},
	{
	-0.066358f, 0.194241f, -0.978707f, -0.474792f,
	-0.985578f, -0.165785f, 0.033921f, 0.661644f,
	-0.155666f, 0.966843f, 0.202440f, 0.328908f
	},
	{
	-0.066359f, 0.194240f, -0.978707f, -0.474792f,
	-0.985578f, -0.165785f, 0.033922f, 0.661644f,
	-0.155667f, 0.966843f, 0.202440f, 0.328908f
	},
	{
	-0.914860f, 0.301684f, -0.268363f, 0.237611f,
	-0.047577f, -0.740554f, -0.670311f, 0.508661f,
	-0.400960f, -0.600473f, 0.691856f, 0.181708f
	},
	{
	-0.171392f, 0.947948f, -0.268363f, 0.416484f,
	-0.673518f, -0.311539f, -0.670311f, 0.517963f,
	-0.719026f, 0.065862f, 0.691856f, 0.260104f
	},
	{
	-0.210176f, -0.180236f, -0.960906f, 0.447417f,
	-0.970738f, -0.078312f, 0.227015f, 0.639520f,
	-0.116167f, 0.980501f, -0.158503f, 0.389874f
	},
	{
	-0.210176f, -0.180236f, -0.960906f, 0.447417f,
	-0.970738f, -0.078312f, 0.227015f, 0.639519f,
	-0.116167f, 0.980501f, -0.158503f, 0.389874f
	},
	{
	0.447117f, -0.046354f, -0.893274f, -0.126386f,
	0.171206f, -0.975758f, 0.136330f, 0.361948f,
	-0.877938f, -0.213890f, -0.428342f, -0.112047f
	},
	{
	-0.088984f, 0.440618f, -0.893274f, -0.246084f,
	0.880414f, 0.454187f, 0.136330f, 0.316114f,
	0.465782f, -0.774319f, -0.428342f, 0.122988f
	},
	{
	0.448044f, 0.160586f, -0.879471f, -0.228151f,
	0.347005f, -0.937847f, 0.005536f, 0.138679f,
	-0.823920f, -0.307661f, -0.475921f, 0.029116f
	},
	{
	-0.498148f, -0.059795f, -0.865028f, 0.126287f,
	0.083437f, -0.996296f, 0.020819f, 0.361948f,
	-0.863069f, -0.061804f, 0.501291f, -0.112071f
	},
	{
	0.120230f, -0.487105f, -0.865028f, 0.259647f,
	0.978629f, 0.204579f, 0.020819f, 0.339611f,
	0.166826f, -0.849044f, 0.501291f, 0.118983f
	},
	{
	-0.446108f, -0.185113f, -0.875626f, 0.235416f,
	0.349521f, -0.936716f, 0.019956f, 0.142382f,
	-0.823907f, -0.297148f, 0.482577f, 0.085361f
	},
	{
	-0.000068f, 0.162087f, -0.986776f, -0.000016f,
	-0.690118f, -0.714136f, -0.117256f, 0.471603f,
	-0.723698f, 0.680984f, 0.111908f, 0.234626f
	},
	{
	-0.000037f, 0.000088f, -1.000000f, -0.000049f,
	-0.920861f, -0.389892f, 0.000000f, 0.318848f,
	-0.389892f, 0.920861f, 0.000096f, -0.105280f
	},
	{
	-0.000095f, -0.000012f, -1.000000f, -0.000041f,
	0.122373f, -0.992484f, 0.000000f, 0.507204f,
	-0.992484f, -0.122373f, 0.000096f, -0.025530f
	},
	{
	0.979021f, -0.201166f, 0.032390f, -0.237654f,
	-0.161856f, -0.671241f, 0.723352f, 0.512396f,
	-0.123773f, -0.713420f, -0.689719f, 0.178195f
	},
	{
	0.261186f, -0.964745f, 0.032390f, -0.429072f,
	-0.672228f, -0.157707f, 0.723352f, 0.544042f,
	-0.692742f, -0.210702f, -0.689719f, 0.202395f
	},
	{
	-0.059925f, 0.189445f, -0.980061f, -0.476211f,
	-0.986582f, -0.160620f, 0.029276f, 0.665365f,
	-0.151871f, 0.968665f, 0.196528f, 0.327422f
	},
	{
	-0.059925f, 0.189445f, -0.980061f, -0.476211f,
	-0.986582f, -0.160620f, 0.029276f, 0.665365f,
	-0.151872f, 0.968665f, 0.196528f, 0.327422f
	},
	{
	-0.914860f, 0.301684f, -0.268363f, 0.237611f,
	-0.049166f, -0.742927f, -0.667564f, 0.512028f,
	-0.400768f, -0.597534f, 0.694507f, 0.181135f
	},
	{
	-0.175157f, 0.947260f, -0.268363f, 0.416484f,
	-0.675120f, -0.313960f, -0.667564f, 0.521641f,
	-0.716612f, 0.064249f, 0.694507f, 0.259493f
	},
	{
	-0.213153f, -0.177840f, -0.960697f, 0.448096f,
	-0.970487f, -0.074978f, 0.229205f, 0.643486f,
	-0.112793f, 0.981199f, -0.156609f, 0.388828f
	},
	{
	-0.213153f, -0.177840f, -0.960697f, 0.448096f,
	-0.970487f, -0.074978f, 0.229205f, 0.643486f,
	-0.112793f, 0.981199f, -0.156609f, 0.388828f
	},
	{
	0.447272f, -0.044726f, -0.893279f, -0.126386f,
	0.171435f, -0.975943f, 0.134704f, 0.364240f,
	-0.877814f, -0.213389f, -0.428845f, -0.112181f
	},
	{
	-0.090585f, 0.440281f, -0.893279f, -0.246126f,
	0.880523f, 0.454461f, 0.134704f, 0.318344f,
	0.465268f, -0.774350f, -0.428845f, 0.122821f
	},
	{
	0.447899f, 0.162200f, -0.879248f, -0.227870f,
	0.347264f, -0.937759f, 0.003907f, 0.140887f,
	-0.823889f, -0.307082f, -0.476348f, 0.029052f
	},
	{
	-0.497977f, -0.061736f, -0.864990f, 0.126287f,
	0.084875f, -0.996144f, 0.022234f, 0.364240f,
	-0.863027f, -0.062344f, 0.501296f, -0.112205f
	},
	{
	0.122136f, -0.486698f, -0.864990f, 0.259601f,
	0.978302f, 0.205987f, 0.022234f, 0.341518f,
	0.167356f, -0.848937f, 0.501296f, 0.118838f
	},
	{
	-0.445419f, -0.184195f, -0.876170f, 0.234986f,
	0.350836f, -0.936255f, 0.018472f, 0.144354f,
	-0.823721f, -0.299164f, 0.481648f, 0.085109f
	},
	{
	-0.000069f, 0.216960f, -0.976181f, -0.000016f,
	-0.692915f, -0.703857f, -0.156386f, 0.475180f,
	-0.721020f, 0.676399f, 0.150383f, 0.234200f
	},
	{
	-0.000037f, 0.000088f, -1.000000f, -0.000049f,
	-0.922015f, -0.387153f, 0.000000f, 0.319071f,
	-0.387153f, 0.922015f, 0.000096f, -0.105280f
	},
	{
	-0.000095f, -0.000011f, -1.000000f, -0.000041f,
	0.118458f, -0.992959f, 0.000000f, 0.507663f,
	-0.992959f, -0.118458f, 0.000096f, -0.026090f
	},
	{
	0.979022f, -0.201166f, 0.032389f, -0.237654f,
	-0.162342f, -0.674049f, 0.720627f, 0.513658f,
	-0.123134f, -0.710767f, -0.692566f, 0.177613f
	},
	{
	0.269335f, -0.962502f, 0.032389f, -0.429072f,
	-0.673589f, -0.164239f, 0.720627f, 0.545399f,
	-0.688285f, -0.215907f, -0.692566f, 0.201688f
	},
	{
	-0.053239f, 0.184449f, -0.981399f, -0.477682f,
	-0.987545f, -0.155438f, 0.024359f, 0.666968f,
	-0.148054f, 0.970473f, 0.190427f, 0.325910f
	},
	{
	-0.053240f, 0.184449f, -0.981399f, -0.477682f,
	-0.987545f, -0.155439f, 0.024359f, 0.666968f,
	-0.148055f, 0.970473f, 0.190427f, 0.325910f
	},
	{
	-0.914860f, 0.301684f, -0.268363f, 0.237611f,
	-0.050746f, -0.745277f, -0.664821f, 0.513302f,
	-0.400571f, -0.594599f, 0.697133f, 0.180554f
	},
	{
	-0.179011f, 0.946539f, -0.268363f, 0.416484f,
	-0.676658f, -0.316461f, -0.664821f, 0.523223f,
	-0.714205f, 0.062580f, 0.697133f, 0.258874f
	},
	{
	-0.216202f, -0.175386f, -0.960467f, 0.448792f,
	-0.970195f, -0.071680f, 0.231481f, 0.645347f,
	-0.109445f, 0.981887f, -0.154661f, 0.387774f
	},
	{
	-0.216202f, -0.175386f, -0.960467f, 0.448792f,
	-0.970195f, -0.071680f, 0.231481f, 0.645347f,
	-0.109445f, 0.981887f, -0.154661f, 0.387774f
	},
	{
	0.447418f, -0.043037f, -0.893289f, -0.126386f,
	0.171615f, -0.976148f, 0.132984f, 0.364442f,
	-0.877705f, -0.212801f, -0.429360f, -0.112316f
	},
	{
	-0.092241f, 0.439917f, -0.893289f, -0.246165f,
	0.880665f, 0.454693f, 0.132984f, 0.318498f,
	0.464674f, -0.774421f, -0.429360f, 0.122656f
	},
	{
	0.447733f, 0.163872f, -0.879023f, -0.227575f,
	0.347478f, -0.937686f, 0.002181f, 0.141013f,
	-0.823890f, -0.306417f, -0.476775f, 0.029008f
	},
	{
	-0.497809f, -0.063755f, -0.864940f, 0.126287f,
	0.086325f, -0.995984f, 0.023731f, 0.364442f,
	-0.862980f, -0.062852f, 0.501313f, -0.112340f
	},
	{
	0.124120f, -0.486284f, -0.864940f, 0.259556f,
	0.977967f, 0.207407f, 0.023731f, 0.341331f,
	0.167855f, -0.848829f, 0.501313f, 0.118690f
	},
	{
	-0.444712f, -0.183231f, -0.876732f, 0.234541f,
	0.352159f, -0.935787f, 0.016945f, 0.144236f,
	-0.823539f, -0.301213f, 0.480682f, 0.084861f
	},
	{
	-0.000069f, 0.276281f, -0.961077f, -0.000016f,
	-0.695687f, -0.690399f, -0.198419f, 0.476663f,
	-0.718346f, 0.668595f, 0.192252f, 0.233764f
	},
	{
	-0.000037f, 0.000088f, -1.000000f, -0.000049f,
	-0.923143f, -0.384458f, 0.000000f, 0.319628f,
	-0.384458f, 0.923143f, 0.000096f, -0.105280f
	},
	{
	-0.000095f, -0.000011f, -1.000000f, -0.000041f,
	0.114645f, -0.993407f, 0.000000f, 0.508451f,
	-0.993406f, -0.114645f, 0.000096f, -0.026641f
	},
	{
	0.979022f, -0.201166f, 0.032389f, -0.237654f,
	-0.162813f, -0.676773f, 0.717963f, 0.515227f,
	-0.122510f, -0.708174f, -0.695328f, 0.177037f
	},
	{
	0.277490f, -0.960182f, 0.032389f, -0.429072f,
	-0.674802f, -0.170798f, 0.717963f, 0.547061f,
	-0.683843f, -0.221084f, -0.695328f, 0.200990f
	},
	{
	-0.046531f, 0.179422f, -0.982671f, -0.479154f,
	-0.988440f, -0.150371f, 0.019348f, 0.668849f,
	-0.144294f, 0.972212f, 0.184345f, 0.324410f
	},
	{
	-0.046532f, 0.179422f, -0.982671f, -0.479154f,
	-0.988440f, -0.150372f, 0.019349f, 0.668849f,
	-0.144294f, 0.972212f, 0.184345f, 0.324410f
	},
	{
	-0.914860f, 0.301685f, -0.268363f, 0.237611f,
	-0.052284f, -0.747555f, -0.662140f, 0.514883f,
	-0.400373f, -0.591734f, 0.699681f, 0.179980f
	},
	{
	-0.182845f, 0.945806f, -0.268363f, 0.416484f,
	-0.678108f, -0.318968f, -0.662140f, 0.525105f,
	-0.711855f, 0.060910f, 0.699681f, 0.258261f
	},
	{
	-0.219238f, -0.172943f, -0.960222f, 0.449484f,
	-0.969876f, -0.068484f, 0.233776f, 0.647490f,
	-0.106190f, 0.982548f, -0.152719f, 0.386736f
	},
	{
	-0.219238f, -0.172943f, -0.960222f, 0.449484f,
	-0.969876f, -0.068484f, 0.233776f, 0.647490f,
	-0.106190f, 0.982548f, -0.152719f, 0.386736f
	},
	{
	0.447550f, -0.041343f, -0.893303f, -0.126386f,
	0.171747f, -0.976361f, 0.131234f, 0.364978f,
	-0.877611f, -0.212156f, -0.429870f, -0.112448f
	},
	{
	-0.093897f, 0.439538f, -0.893303f, -0.246200f,
	0.880829f, 0.454883f, 0.131234f, 0.318999f,
	0.464030f, -0.774524f, -0.429870f, 0.122499f
	},
	{
	0.447552f, 0.165546f, -0.878801f, -0.227277f,
	0.347647f, -0.937625f, 0.000421f, 0.141480f,
	-0.823916f, -0.305701f, -0.477188f, 0.028980f
	},
	{
	-0.497644f, -0.065791f, -0.864883f, 0.126287f,
	0.087745f, -0.995823f, 0.025264f, 0.364978f,
	-0.862932f, -0.063317f, 0.501338f, -0.112473f
	},
	{
	0.126120f, -0.485872f, -0.864883f, 0.259512f,
	0.977633f, 0.208797f, 0.025264f, 0.341487f,
	0.168310f, -0.848724f, 0.501338f, 0.118545f
	},
	{
	-0.444004f, -0.182251f, -0.877294f, 0.234094f,
	0.353452f, -0.935326f, 0.015423f, 0.144459f,
	-0.823367f, -0.303233f, 0.479705f, 0.084624f
	},
	{
	-0.000068f, 0.337533f, -0.941314f, -0.000016f,
	-0.698375f, -0.673745f, -0.241539f, 0.478449f,
	-0.715733f, 0.657373f, 0.235770f, 0.233329f
	},
	{
	-0.000037f, 0.000089f, -1.000000f, -0.000049f,
	-0.924215f, -0.381872f, 0.000000f, 0.320352f,
	-0.381872f, 0.924215f, 0.000096f, -0.105280f
	},
	{
	-0.000095f, -0.000011f, -1.000000f, -0.000041f,
	0.111017f, -0.993819f, 0.000000f, 0.509395f,
	-0.993818f, -0.111017f, 0.000096f, -0.027170f
	},
	{
	0.979022f, -0.201166f, 0.032389f, -0.237654f,
	-0.163259f, -0.679354f, 0.715419f, 0.516915f,
	-0.121914f, -0.705699f, -0.697944f, 0.176482f
	},
	{
	0.285372f, -0.957869f, 0.032389f, -0.429072f,
	-0.675861f, -0.177164f, 0.715419f, 0.548835f,
	-0.679540f, -0.226051f, -0.697944f, 0.200319f
	},
	{
	-0.040030f, 0.174538f, -0.983836f, -0.480576f,
	-0.989246f, -0.145546f, 0.014430f, 0.670814f,
	-0.140675f, 0.973834f, 0.178487f, 0.322962f
	},
	{
	-0.040031f, 0.174538f, -0.983836f, -0.480576f,
	-0.989246f, -0.145547f, 0.014430f, 0.670814f,
	-0.140676f, 0.973834f, 0.178488f, 0.322962f
	},
	{
	-0.914860f, 0.301685f, -0.268362f, 0.237610f,
	-0.053746f, -0.749710f, -0.659581f, 0.516581f,
	-0.400179f, -0.589000f, 0.702094f, 0.179426f
	},
	{
	-0.186551f, 0.945082f, -0.268362f, 0.416484f,
	-0.679448f, -0.321410f, -0.659581f, 0.527089f,
	-0.709612f, 0.059293f, 0.702094f, 0.257669f
	},
	{
	-0.222173f, -0.170581f, -0.959970f, 0.450153f,
	-0.969541f, -0.065457f, 0.236019f, 0.649716f,
	-0.103098f, 0.983167f, -0.150842f, 0.385740f
	},
	{
	-0.222173f, -0.170581f, -0.959970f, 0.450153f,
	-0.969541f, -0.065457f, 0.236019f, 0.649716f,
	-0.103098f, 0.983167f, -0.150842f, 0.385740f
	},
	{
	0.447665f, -0.039705f, -0.893319f, -0.126386f,
	0.171837f, -0.976574f, 0.129517f, 0.365682f,
	-0.877535f, -0.211485f, -0.430356f, -0.112575f
	},
	{
	-0.095495f, 0.439160f, -0.893319f, -0.246231f,
	0.881006f, 0.455032f, 0.129517f, 0.319679f,
	0.463367f, -0.774651f, -0.430356f, 0.122352f
	},
	{
	0.447366f, 0.167165f, -0.878590f, -0.226985f,
	0.347774f, -0.937577f, -0.001306f, 0.142125f,
	-0.823964f, -0.304967f, -0.477576f, 0.028966f
	},
	{
	-0.497485f, -0.067782f, -0.864820f, 0.126286f,
	0.089094f, -0.995663f, 0.026786f, 0.365682f,
	-0.862885f, -0.063725f, 0.501366f, -0.112600f
	},
	{
	0.128076f, -0.485471f, -0.864820f, 0.259469f,
	0.977309f, 0.210117f, 0.026785f, 0.341830f,
	0.168710f, -0.848628f, 0.501366f, 0.118405f
	},
	{
	-0.443313f, -0.181285f, -0.877844f, 0.233657f,
	0.354677f, -0.934885f, 0.013952f, 0.144867f,
	-0.823212f, -0.305165f, 0.478744f, 0.084404f
	},
	{
	-0.000066f, 0.397728f, -0.917503f, -0.000016f,
	-0.700919f, -0.654420f, -0.283634f, 0.480342f,
	-0.713242f, 0.643077f, 0.278818f, 0.232908f
	},
	{
	-0.000036f, 0.000089f, -1.000000f, -0.000049f,
	-0.925207f, -0.379463f, 0.000000f, 0.321076f,
	-0.379463f, 0.925207f, 0.000096f, -0.105280f
	},
	{
	-0.000095f, -0.000010f, -1.000000f, -0.000041f,
	0.107658f, -0.994188f, 0.000000f, 0.510321f,
	-0.994188f, -0.107658f, 0.000096f, -0.027663f
	},
	{
	0.979022f, -0.201166f, 0.032389f, -0.237654f,
	-0.163670f, -0.681735f, 0.713056f, 0.518530f,
	-0.121362f, -0.703399f, -0.700358f, 0.175963f
	},
	{
	0.292705f, -0.955654f, 0.032389f, -0.429072f,
	-0.676770f, -0.183120f, 0.713056f, 0.550530f,
	-0.675504f, -0.230635f, -0.700358f, 0.199692f
	},
	{
	-0.033966f, 0.169971f, -0.984863f, -0.481900f,
	-0.989948f, -0.141087f, 0.009792f, 0.672674f,
	-0.137288f, 0.975297f, 0.173055f, 0.321606f
	},
	{
	-0.033967f, 0.169971f, -0.984863f, -0.481900f,
	-0.989948f, -0.141088f, 0.009793f, 0.672674f,
	-0.137288f, 0.975297f, 0.173055f, 0.321606f
	},
	{
	-0.914860f, 0.301685f, -0.268362f, 0.237610f,
	-0.055098f, -0.751696f, -0.657204f, 0.518206f,
	-0.399996f, -0.586463f, 0.704319f, 0.178908f
	},
	{
	-0.190020f, 0.944391f, -0.268362f, 0.416484f,
	-0.680658f, -0.323709f, -0.657204f, 0.528979f,
	-0.707529f, 0.057781f, 0.704319f, 0.257115f
	},
	{
	-0.224921f, -0.168369f, -0.959720f, 0.450779f,
	-0.969208f, -0.062666f, 0.238139f, 0.651824f,
	-0.100237f, 0.983730f, -0.149089f, 0.384810f
	},
	{
	-0.224921f, -0.168369f, -0.959720f, 0.450779f,
	-0.969208f, -0.062666f, 0.238139f, 0.651824f,
	-0.100237f, 0.983730f, -0.149089f, 0.384810f
	},
	{
	0.447761f, -0.038178f, -0.893338f, -0.126386f,
	0.171886f, -0.976779f, 0.127897f, 0.366387f,
	-0.877476f, -0.210820f, -0.430802f, -0.112693f
	},
	{
	-0.096981f, 0.438797f, -0.893338f, -0.246257f,
	0.881187f, 0.455140f, 0.127897f, 0.320371f,
	0.462715f, -0.774793f, -0.430802f, 0.122218f
	},
	{
	0.447180f, 0.168671f, -0.878396f, -0.226711f,
	0.347861f, -0.937542f, -0.002936f, 0.142780f,
	-0.824028f, -0.304246f, -0.477924f, 0.028964f
	},
	{
	-0.497335f, -0.069667f, -0.864757f, 0.126286f,
	0.090330f, -0.995511f, 0.028251f, 0.366387f,
	-0.862844f, -0.064063f, 0.501395f, -0.112718f
	},
	{
	0.129929f, -0.485091f, -0.864757f, 0.259429f,
	0.977008f, 0.211324f, 0.028251f, 0.342204f,
	0.169040f, -0.848545f, 0.501395f, 0.118276f
	},
	{
	-0.442660f, -0.180365f, -0.878363f, 0.233244f,
	0.355795f, -0.934479f, 0.012581f, 0.145302f,
	-0.823081f, -0.306948f, 0.477829f, 0.084208f
	},
	{
	-0.000064f, 0.454847f, -0.890570f, -0.000016f,
	-0.703261f, -0.633156f, -0.323325f, 0.482148f,
	-0.710933f, 0.626282f, 0.319916f, 0.232512f
	},
	{
	-0.000036f, 0.000089f, -1.000000f, -0.000049f,
	-0.926093f, -0.377297f, 0.000000f, 0.321633f,
	-0.377297f, 0.926092f, 0.000096f, -0.105280f
	},
	{
	-0.000095f, -0.000010f, -1.000000f, -0.000041f,
	0.104652f, -0.994509f, 0.000000f, 0.511060f,
	-0.994509f, -0.104652f, 0.000096f, -0.028106f
	},
	{
	0.979022f, -0.201165f, 0.032388f, -0.237654f,
	-0.164036f, -0.683859f, 0.710936f, 0.519883f,
	-0.120866f, -0.701334f, -0.702511f, 0.175494f
	},
	{
	0.299217f, -0.953635f, 0.032388f, -0.429072f,
	-0.677540f, -0.188442f, 0.710936f, 0.551956f,
	-0.671870f, -0.234668f, -0.702511f, 0.199126f
	},
	{
	-0.028569f, 0.165898f, -0.985729f, -0.483075f,
	-0.990539f, -0.137118f, 0.005632f, 0.674238f,
	-0.134227f, 0.976564f, 0.168245f, 0.320385f
	},
	{
	-0.028570f, 0.165898f, -0.985729f, -0.483075f,
	-0.990538f, -0.137118f, 0.005632f, 0.674238f,
	-0.134227f, 0.976564f, 0.168245f, 0.320385f
	},
	{
	-0.914860f, 0.301685f, -0.268362f, 0.237610f,
	-0.056307f, -0.753466f, -0.655072f, 0.519569f,
	-0.399827f, -0.584188f, 0.706303f, 0.178440f
	},
	{
	-0.193144f, 0.943757f, -0.268362f, 0.416484f,
	-0.681720f, -0.325790f, -0.655072f, 0.530578f,
	-0.705658f, 0.056425f, 0.706303f, 0.256614f
	},
	{
	-0.227398f, -0.166376f, -0.959484f, 0.451342f,
	-0.968891f, -0.060174f, 0.240061f, 0.653615f,
	-0.097676f, 0.984225f, -0.147516f, 0.383971f
	},
	{
	-0.227398f, -0.166375f, -0.959484f, 0.451342f,
	-0.968891f, -0.060174f, 0.240061f, 0.653615f,
	-0.097676f, 0.984225f, -0.147516f, 0.383971f
	},
	{
	0.447836f, -0.036822f, -0.893357f, -0.126386f,
	0.171900f, -0.976967f, 0.126440f, 0.366926f,
	-0.877436f, -0.210192f, -0.431191f, -0.112799f
	},
	{
	-0.098298f, 0.438463f, -0.893357f, -0.246277f,
	0.881362f, 0.455209f, 0.126440f, 0.320907f,
	0.462103f, -0.774942f, -0.431191f, 0.122101f
	},
	{
	0.447005f, 0.170008f, -0.878228f, -0.226466f,
	0.347908f, -0.937519f, -0.004405f, 0.143281f,
	-0.824103f, -0.303573f, -0.478223f, 0.028970f
	},
	{
	-0.497196f, -0.071385f, -0.864696f, 0.126286f,
	0.091409f, -0.995373f, 0.029613f, 0.366926f,
	-0.862810f, -0.064318f, 0.501421f, -0.112824f
	},
	{
	0.131617f, -0.484744f, -0.864696f, 0.259392f,
	0.976739f, 0.212379f, 0.029613f, 0.342455f,
	0.169289f, -0.848480f, 0.501421f, 0.118161f
	},
	{
	-0.442063f, -0.179520f, -0.878836f, 0.232866f,
	0.356770f, -0.934123f, 0.011355f, 0.145607f,
	-0.822980f, -0.308523f, 0.476988f, 0.084043f
	},
	{
	-0.000064f, 0.507056f, -0.861913f, -0.000017f,
	-0.705342f, -0.611005f, -0.359397f, 0.483673f,
	-0.708867f, 0.607921f, 0.357687f, 0.232153f
	},
	{
	-0.000036f, 0.000089f, -1.000000f, -0.000049f,
	-0.926847f, -0.375440f, 0.000000f, 0.321856f,
	-0.375440f, 0.926846f, 0.000096f, -0.105280f
	},
	{
	-0.000095f, -0.000010f, -1.000000f, -0.000041f,
	0.102082f, -0.994776f, 0.000000f, 0.511437f,
	-0.994776f, -0.102082f, 0.000096f, -0.028486f
	},
	{
	0.979022f, -0.201165f, 0.032388f, -0.237654f,
	-0.164347f, -0.685669f, 0.709118f, 0.520786f,
	-0.120442f, -0.699565f, -0.704345f, 0.175091f
	},
	{
	0.304636f, -0.951918f, 0.032388f, -0.429072f,
	-0.678187f, -0.192908f, 0.709118f, 0.552920f,
	-0.668774f, -0.237988f, -0.704345f, 0.198640f
	},
	{
	-0.024068f, 0.162494f, -0.986416f, -0.484053f,
	-0.991012f, -0.133756f, 0.002147f, 0.675319f,
	-0.131591f, 0.977602f, 0.164253f, 0.319340f
	},
	{
	-0.024069f, 0.162494f, -0.986416f, -0.484053f,
	-0.991012f, -0.133757f, 0.002147f, 0.675319f,
	-0.131591f, 0.977601f, 0.164253f, 0.319340f
	},
	{
	-0.914859f, 0.301686f, -0.268362f, 0.237610f,
	-0.057340f, -0.754973f, -0.653245f, 0.520479f,
	-0.399680f, -0.582239f, 0.707993f, 0.178038f
	},
	{
	-0.195815f, 0.943207f, -0.268362f, 0.416484f,
	-0.682616f, -0.327577f, -0.653245f, 0.531691f,
	-0.704054f, 0.055273f, 0.707993f, 0.256183f
	},
	{
	-0.229516f, -0.164671f, -0.959274f, 0.451824f,
	-0.968610f, -0.058047f, 0.241714f, 0.654889f,
	-0.095486f, 0.984639f, -0.146179f, 0.383251f
	},
	{
	-0.229516f, -0.164671f, -0.959274f, 0.451825f,
	-0.968610f, -0.058047f, 0.241714f, 0.654889f,
	-0.095486f, 0.984639f, -0.146179f, 0.383251f
	},
	{
	0.447887f, -0.035693f, -0.893378f, -0.126386f,
	0.171879f, -0.977129f, 0.125209f, 0.367134f,
	-0.877414f, -0.209633f, -0.431508f, -0.112890f
	},
	{
	-0.099390f, 0.438176f, -0.893378f, -0.246290f,
	0.881522f, 0.455238f, 0.125209f, 0.321120f,
	0.461563f, -0.775088f, -0.431508f, 0.122004f
	},
	{
	0.446849f, 0.171118f, -0.878092f, -0.226260f,
	0.347918f, -0.937508f, -0.005646f, 0.143461f,
	-0.824184f, -0.302981f, -0.478459f, 0.028983f
	},
	{
	-0.497074f, -0.072876f, -0.864642f, 0.126286f,
	0.092291f, -0.995255f, 0.030827f, 0.367134f,
	-0.862786f, -0.064476f, 0.501441f, -0.112914f
	},
	{
	0.133082f, -0.484441f, -0.864642f, 0.259359f,
	0.976513f, 0.213240f, 0.030827f, 0.342426f,
	0.169443f, -0.848437f, 0.501441f, 0.118064f
	},
	{
	-0.441543f, -0.178784f, -0.879248f, 0.232538f,
	0.357563f, -0.933832f, 0.010321f, 0.145624f,
	-0.822915f, -0.309829f, 0.476253f, 0.083915f
	},
	{
	-0.000064f, 0.552774f, -0.833332f, -0.000017f,
	-0.707107f, -0.589280f, -0.390832f, 0.484722f,
	-0.707107f, 0.589230f, 0.390907f, 0.231843f
	},
	{
	-0.000036f, 0.000089f, -1.000000f, -0.000049f,
	-0.927444f, -0.373961f, 0.000000f, 0.322056f,
	-0.373961f, 0.927444f, 0.000096f, -0.105280f
	},
	{
	-0.000095f, -0.000010f, -1.000000f, -0.000042f,
	0.100033f, -0.994984f, 0.000000f, 0.511759f,
	-0.994984f, -0.100033f, 0.000096f, -0.028788f
	},
	{
	0.979022f, -0.201165f, 0.032388f, -0.237654f,
	-0.164595f, -0.687108f, 0.707666f, 0.521528f,
	-0.120103f, -0.698151f, -0.705804f, 0.174769f
	},
	{
	0.308693f, -0.950610f, 0.032388f, -0.429072f,
	-0.678732f, -0.196295f, 0.707666f, 0.553709f,
	-0.666357f, -0.240434f, -0.705804f, 0.198251f
	},
	{
	-0.020693f, 0.159937f, -0.986910f, -0.484785f,
	-0.991366f, -0.131122f, -0.000463f, 0.676207f,
	-0.129480f, 0.978379f, 0.161270f, 0.318515f
	},
	{
	-0.020694f, 0.159937f, -0.986910f, -0.484785f,
	-0.991366f, -0.131123f, -0.000462f, 0.676207f,
	-0.129480f, 0.978379f, 0.161270f, 0.318515f
	},
	{
	-0.914859f, 0.301686f, -0.268362f, 0.237610f,
	-0.058164f, -0.756170f, -0.651785f, 0.521227f,
	-0.399561f, -0.580683f, 0.709337f, 0.177716f
	},
	{
	-0.197926f, 0.942766f, -0.268362f, 0.416484f,
	-0.683330f, -0.328993f, -0.651785f, 0.532599f,
	-0.702770f, 0.054374f, 0.709337f, 0.255838f
	},
	{
	-0.231190f, -0.163323f, -0.959102f, 0.452205f,
	-0.968382f, -0.056350f, 0.243023f, 0.655927f,
	-0.093737f, 0.984962f, -0.145131f, 0.382674f
	},
	{
	-0.231190f, -0.163323f, -0.959102f, 0.452205f,
	-0.968382f, -0.056350f, 0.243023f, 0.655927f,
	-0.093737f, 0.984962f, -0.145131f, 0.382674f
	},
	{
	0.447912f, -0.034851f, -0.893398f, -0.126386f,
	0.171829f, -0.977257f, 0.124270f, 0.367321f,
	-0.877411f, -0.209174f, -0.431737f, -0.112962f
	},
	{
	-0.100202f, 0.437949f, -0.893398f, -0.246297f,
	0.881660f, 0.455228f, 0.124270f, 0.321321f,
	0.461123f, -0.775221f, -0.431737f, 0.121931f
	},
	{
	0.446719f, 0.171945f, -0.877996f, -0.226103f,
	0.347892f, -0.937511f, -0.006595f, 0.143635f,
	-0.824265f, -0.302501f, -0.478623f, 0.028998f
	},
	{
	-0.496973f, -0.074077f, -0.864598f, 0.126286f,
	0.092934f, -0.995163f, 0.031845f, 0.367321f,
	-0.862775f, -0.064524f, 0.501454f, -0.112987f
	},
	{
	0.134262f, -0.484194f, -0.864598f, 0.259332f,
	0.976344f, 0.213866f, 0.031845f, 0.342442f,
	0.169489f, -0.848421f, 0.501454f, 0.117989f
	},
	{
	-0.441121f, -0.178187f, -0.879580f, 0.232273f,
	0.358136f, -0.933621f, 0.009524f, 0.145673f,
	-0.822892f, -0.310808f, 0.475655f, 0.083831f
	},
	{
	-0.000065f, 0.590690f, -0.806899f, -0.000017f,
	-0.708497f, -0.569467f, -0.416820f, 0.485581f,
	-0.705714f, 0.571659f, 0.418539f, 0.231595f
	},
	{
	-0.000036f, 0.000089f, -1.000000f, -0.000049f,
	-0.927861f, -0.372926f, 0.000000f, 0.322514f,
	-0.372926f, 0.927861f, 0.000096f, -0.105280f
	},
	{
	-0.000095f, -0.000009f, -1.000000f, -0.000042f,
	0.098588f, -0.995128f, 0.000000f, 0.512302f,
	-0.995128f, -0.098588f, 0.000096f, -0.029000f
	},
	{
	0.979022f, -0.201165f, 0.032388f, -0.237654f,
	-0.164769f, -0.688121f, 0.706640f, 0.522367f,
	-0.119864f, -0.697153f, -0.706831f, 0.174542f
	},
	{
	0.311118f, -0.949819f, 0.032388f, -0.429072f,
	-0.679195f, -0.198378f, 0.706640f, 0.554582f,
	-0.664756f, -0.241847f, -0.706831f, 0.197978f
	},
	{
	-0.018673f, 0.158406f, -0.987198f, -0.485223f,
	-0.991599f, -0.129333f, -0.001996f, 0.677163f,
	-0.127994f, 0.978867f, 0.159490f, 0.317953f
	},
	{
	-0.018674f, 0.158406f, -0.987197f, -0.485223f,
	-0.991599f, -0.129334f, -0.001996f, 0.677163f,
	-0.127994f, 0.978867f, 0.159490f, 0.317953f
	},
	{
	-0.914859f, 0.301686f, -0.268361f, 0.237610f,
	-0.058744f, -0.757012f, -0.650755f, 0.522070f,
	-0.399476f, -0.579584f, 0.710282f, 0.177490f
	},
	{
	-0.199369f, 0.942462f, -0.268362f, 0.416484f,
	-0.683845f, -0.329961f, -0.650755f, 0.533556f,
	-0.701860f, 0.053777f, 0.710282f, 0.255596f
	},
	{
	-0.232335f, -0.162401f, -0.958982f, 0.452466f,
	-0.968227f, -0.055148f, 0.243915f, 0.656976f,
	-0.092498f, 0.985182f, -0.144428f, 0.382268f
	},
	{
	-0.232335f, -0.162401f, -0.958982f, 0.452466f,
	-0.968227f, -0.055148f, 0.243915f, 0.656976f,
	-0.092498f, 0.985182f, -0.144428f, 0.382268f
	},
	{
	0.447910f, -0.034353f, -0.893418f, -0.126386f,
	0.171751f, -0.977345f, 0.123686f, 0.367771f,
	-0.877427f, -0.208846f, -0.431863f, -0.113013f
	},
	{
	-0.100677f, 0.437799f, -0.893418f, -0.246297f,
	0.881767f, 0.455180f, 0.123686f, 0.321791f,
	0.460815f, -0.775334f, -0.431863f, 0.121885f
	},
	{
	0.446626f, 0.172433f, -0.877947f, -0.226007f,
	0.347831f, -0.937529f, -0.007187f, 0.144083f,
	-0.824341f, -0.302167f, -0.478703f, 0.029014f
	},
	{
	-0.496898f, -0.074929f, -0.864568f, 0.126286f,
	0.093295f, -0.995104f, 0.032623f, 0.367771f,
	-0.862780f, -0.064449f, 0.501455f, -0.113037f
	},
	{
	0.135099f, -0.484015f, -0.864568f, 0.259312f,
	0.976241f, 0.214217f, 0.032623f, 0.342795f,
	0.169416f, -0.848434f, 0.501455f, 0.117939f
	},
	{
	-0.440819f, -0.177762f, -0.879818f, 0.232085f,
	0.358452f, -0.933505f, 0.009012f, 0.146047f,
	-0.822916f, -0.311400f, 0.475225f, 0.083796f
	},
	{
	-0.000067f, 0.619717f, -0.784825f, -0.000017f,
	-0.709457f, -0.553134f, -0.436708f, 0.486502f,
	-0.704750f, 0.556770f, 0.439699f, 0.231421f
	},
	{
	-0.000036f, 0.000089f, -1.000000f, -0.000049f,
	-0.928071f, -0.372402f, 0.000000f, 0.323019f,
	-0.372402f, 0.928071f, 0.000096f, -0.105280f
	},
	{
	-0.000095f, -0.000009f, -1.000000f, -0.000042f,
	0.097832f, -0.995203f, 0.000000f, 0.512851f,
	-0.995203f, -0.097832f, 0.000096f, -0.029107f
	},
	{
	0.979022f, -0.201165f, 0.032388f, -0.237654f,
	-0.164860f, -0.688650f, 0.706103f, 0.523070f,
	-0.119739f, -0.696630f, -0.707368f, 0.174428f
	},
	{
	0.311643f, -0.949647f, 0.032388f, -0.429072f,
	-0.679590f, -0.198937f, 0.706103f, 0.555303f,
	-0.664106f, -0.242062f, -0.707368f, 0.197839f
	},
	{
	-0.018236f, 0.158074f, -0.987259f, -0.485318f,
	-0.991705f, -0.128510f, -0.002258f, 0.677955f,
	-0.127230f, 0.979029f, 0.159107f, 0.317697f
	},
	{
	-0.018237f, 0.158074f, -0.987259f, -0.485318f,
	-0.991705f, -0.128511f, -0.002257f, 0.677955f,
	-0.127230f, 0.979028f, 0.159107f, 0.317697f
	},
	{
	-0.914859f, 0.301686f, -0.268361f, 0.237610f,
	-0.059047f, -0.757452f, -0.650215f, 0.522775f,
	-0.399432f, -0.579009f, 0.710776f, 0.177376f
	},
	{
	-0.200037f, 0.942320f, -0.268361f, 0.416484f,
	-0.684145f, -0.330404f, -0.650215f, 0.534320f,
	-0.701378f, 0.053531f, 0.710776f, 0.255472f
	},
	{
	-0.232865f, -0.161974f, -0.958925f, 0.452586f,
	-0.968163f, -0.054505f, 0.244315f, 0.657795f,
	-0.091839f, 0.985288f, -0.144125f, 0.382057f
	},
	{
	-0.232865f, -0.161974f, -0.958925f, 0.452586f,
	-0.968163f, -0.054505f, 0.244315f, 0.657795f,
	-0.091839f, 0.985288f, -0.144125f, 0.382057f
	},
	{
	0.447879f, -0.034256f, -0.893438f, -0.126386f,
	0.171650f, -0.977383f, 0.123523f, 0.368272f,
	-0.877462f, -0.208681f, -0.431870f, -0.113038f
	},
	{
	-0.100760f, 0.437740f, -0.893438f, -0.246288f,
	0.881834f, 0.455094f, 0.123523f, 0.322319f,
	0.460669f, -0.775417f, -0.431870f, 0.121869f
	},
	{
	0.446578f, 0.172524f, -0.877954f, -0.225982f,
	0.347739f, -0.937563f, -0.007357f, 0.144598f,
	-0.824406f, -0.302013f, -0.478688f, 0.029027f
	},
	{
	-0.496852f, -0.075371f, -0.864556f, 0.126286f,
	0.093332f, -0.995084f, 0.033113f, 0.368272f,
	-0.862802f, -0.064238f, 0.501444f, -0.113063f
	},
	{
	0.135531f, -0.483915f, -0.864556f, 0.259300f,
	0.976217f, 0.214252f, 0.033113f, 0.343286f,
	0.169209f, -0.848482f, 0.501444f, 0.117920f
	},
	{
