#include "game/component/Animator.h"
#include "game/resource/animation.h"

// 17 bones
AnimationMatrix const mario_animation_idle_left[] = { // 29 frames
	{
	-0.000001f, 0.000096f, -1.000000f, -0.000049f,
	-0.999881f, -0.015435f, 0.000000f, 0.511360f,
	-0.015435f, 0.999881f, 0.000096f, 0.000000f
	},
	{
	-0.000021f, 0.000093f, -1.000000f, -0.000049f,
	-0.974919f, -0.222561f, 0.000000f, 0.715879f,
	-0.222561f, 0.974919f, 0.000096f, 0.003157f
	},
	{
	0.894817f, 0.053477f, -0.443218f, -0.237679f,
	0.321097f, 0.612652f, 0.722187f, 0.919055f,
	0.310159f, -0.788541f, 0.531040f, 0.018709f
	},
	{
	0.275765f, -0.852943f, -0.443218f, -0.412634f,
	0.673524f, -0.157516f, 0.722186f, 0.856274f,
	-0.685797f, -0.497672f, 0.531040f, -0.041934f
	},
	{
	-0.053096f, -0.887617f, -0.457511f, -0.462404f,
	0.414845f, -0.436357f, 0.798433f, 0.734717f,
	-0.908341f, -0.147403f, 0.391392f, 0.081839f
	},
	{
	-0.053095f, -0.887617f, -0.457511f, -0.462404f,
	0.414846f, -0.436357f, 0.798433f, 0.734717f,
	-0.908341f, -0.147403f, 0.391393f, 0.081839f
	},
	{
	-0.879962f, -0.061499f, -0.471046f, 0.237585f,
	0.397915f, 0.446206f, -0.801601f, 0.921988f,
	0.259481f, -0.892815f, -0.368173f, 0.019333f
	},
	{
	-0.229132f, 0.851830f, -0.471046f, 0.409635f,
	0.514241f, -0.304946f, -0.801601f, 0.844188f,
	-0.826471f, -0.425904f, -0.368173f, -0.031401f
	},
	{
	0.000188f, 0.882109f, -0.471046f, 0.450989f,
	0.417287f, -0.428144f, -0.801601f, 0.751377f,
	-0.908774f, -0.196411f, -0.368173f, 0.117760f
	},
	{
	0.000188f, 0.882109f, -0.471046f, 0.450989f,
	0.417287f, -0.428144f, -0.801601f, 0.751377f,
	-0.908774f, -0.196411f, -0.368173f, 0.117760f
	},
	{
	0.465870f, 0.755669f, -0.460358f, -0.126387f,
	0.856266f, -0.516177f, 0.019224f, 0.550831f,
	-0.223099f, -0.403145f, -0.887525f, -0.023445f
	},
	{
	-0.313495f, 0.830537f, -0.460358f, -0.251106f,
	0.931830f, 0.362385f, 0.019224f, 0.321598f,
	0.182793f, -0.422948f, -0.887525f, 0.036281f
	},
	{
	0.836167f, 0.298155f, -0.460358f, -0.187926f,
	0.345172f, -0.938343f, 0.019224f, 0.133800f,
	-0.426241f, -0.174977f, -0.887525f, -0.000559f
	},
	{
	-0.411234f, -0.561489f, -0.718065f, 0.126285f,
	0.806698f, -0.590964f, 0.000109f, 0.550831f,
	-0.424411f, -0.579217f, 0.695976f, -0.023469f
	},
	{
	0.077278f, -0.691673f, -0.718065f, 0.236377f,
	0.993829f, 0.110924f, 0.000109f, 0.334868f,
	0.079575f, -0.713642f, 0.695976f, 0.090151f
	},
	{
	-0.638646f, -0.240522f, -0.730945f, 0.220803f,
	0.345413f, -0.938425f, 0.006998f, 0.134575f,
	-0.687620f, -0.248009f, 0.682400f, 0.074113f
	},
	{
	-0.000013f, 0.000095f, -1.000000f, -0.000043f,
	-0.990812f, -0.135246f, 0.000000f, 0.971012f,
	-0.135246f, 0.990812f, 0.000096f, 0.061401f
	},
	{
	-0.000002f, 0.000096f, -1.000000f, -0.000049f,
	-0.999852f, -0.017218f, 0.000000f, 0.510608f,
	-0.017218f, 0.999852f, 0.000096f, 0.000000f
	},
	{
	-0.000021f, 0.000093f, -1.000000f, -0.000048f,
	-0.974520f, -0.224299f, 0.000000f, 0.715121f,
	-0.224299f, 0.974520f, 0.000096f, 0.003522f
	},
	{
	0.891217f, 0.058161f, -0.449832f, -0.237679f,
	0.322030f, 0.617273f, 0.717823f, 0.918269f,
	0.319419f, -0.784596f, 0.531395f, 0.019436f
	},
	{
	0.276835f, -0.849125f, -0.449832f, -0.411930f,
	0.677753f, -0.159310f, 0.717823f, 0.855306f,
	-0.681185f, -0.503593f, 0.531395f, -0.043017f
	},
	{
	-0.053017f, -0.884416f, -0.463678f, -0.461893f,
	0.416817f, -0.441547f, 0.794544f, 0.732985f,
	-0.907443f, -0.151145f, 0.392049f, 0.079923f
	},
	{
	-0.053017f, -0.884416f, -0.463678f, -0.461893f,
	0.416818f, -0.441546f, 0.794543f, 0.732985f,
	-0.907442f, -0.151145f, 0.392050f, 0.079923f
	},
	{
	-0.878205f, -0.066513f, -0.473637f, 0.237585f,
	0.396589f, 0.452265f, -0.798857f, 0.921201f,
	0.267344f, -0.889400f, -0.370803f, 0.020065f
	},
	{
	-0.234834f, 0.848835f, -0.473637f, 0.409292f,
	0.520332f, -0.301798f, -0.798857f, 0.843660f,
	-0.821041f, -0.434047f, -0.370803f, -0.032206f
	},
	{
	0.001778f, 0.880718f, -0.473637f, 0.451675f,
	0.420155f, -0.430461f, -0.798857f, 0.749750f,
	-0.907451f, -0.197581f, -0.370803f, 0.115975f
	},
	{
	0.001778f, 0.880718f, -0.473637f, 0.451675f,
	0.420155f, -0.430461f, -0.798857f, 0.749750f,
	-0.907451f, -0.197581f, -0.370803f, 0.115975f
	},
	{
	0.470132f, 0.752869f, -0.460612f, -0.126387f,
	0.853673f, -0.520397f, 0.020730f, 0.550120f,
	-0.224094f, -0.402958f, -0.887359f, -0.023375f
	},
	{
	-0.318121f, 0.828635f, -0.460612f, -0.252247f,
	0.929456f, 0.368351f, 0.020730f, 0.321582f,
	0.186845f, -0.421523f, -0.887359f, 0.036618f
	},
	{
	0.836437f, 0.297693f, -0.460165f, -0.188134f,
	0.344926f, -0.938419f, 0.019881f, 0.134263f,
	-0.425910f, -0.175352f, -0.887611f, -0.001038f
	},
	{
	-0.414809f, -0.558469f, -0.718363f, 0.126285f,
	0.803409f, -0.595427f, -0.001022f, 0.550120f,
	-0.427162f, -0.577564f, 0.695667f, -0.023399f
	},
	{
	0.082082f, -0.690809f, -0.718363f, 0.237334f,
	0.992889f, 0.119039f, -0.001022f, 0.335038f,
	0.086219f, -0.713171f, 0.695667f, 0.090957f
	},
	{
	-0.638934f, -0.240265f, -0.730778f, 0.220792f,
	0.345134f, -0.938529f, 0.006811f, 0.134935f,
	-0.687492f, -0.247864f, 0.682582f, 0.073581f
	},
	{
	0.000068f, -0.009022f, -0.999959f, -0.000043f,
	-0.990918f, -0.134463f, 0.001146f, 0.970150f,
	-0.134468f, 0.990877f, -0.008949f, 0.062220f
	},
	{
	-0.000002f, 0.000096f, -1.000000f, -0.000049f,
	-0.999812f, -0.019387f, 0.000000f, 0.508352f,
	-0.019387f, 0.999812f, 0.000096f, 0.000000f
	},
	{
	-0.000022f, 0.000093f, -1.000000f, -0.000048f,
	-0.974032f, -0.226412f, 0.000000f, 0.712857f,
	-0.226412f, 0.974032f, 0.000096f, 0.003966f
	},
	{
	0.884632f, 0.067049f, -0.461445f, -0.237679f,
	0.323329f, 0.624855f, 0.710644f, 0.915970f,
	0.335984f, -0.777856f, 0.531088f, 0.020320f
	},
	{
	0.279310f, -0.842054f, -0.461445f, -0.410642f,
	0.684561f, -0.162363f, 0.710644f, 0.852753f,
	-0.673321f, -0.514377f, 0.531088f, -0.045372f
	},
	{
	-0.052162f, -0.878795f, -0.474340f, -0.461052f,
	0.419505f, -0.450328f, 0.788175f, 0.729204f,
	-0.906253f, -0.157875f, 0.392149f, 0.076149f
	},
	{
	-0.052162f, -0.878795f, -0.474340f, -0.461052f,
	0.419506f, -0.450328f, 0.788175f, 0.729204f,
	-0.906252f, -0.157876f, 0.392149f, 0.076149f
	},
	{
	-0.875031f, -0.075902f, -0.478079f, 0.237585f,
	0.393941f, 0.462274f, -0.794427f, 0.918900f,
	0.281302f, -0.883483f, -0.374603f, 0.020955f
	},
	{
	-0.244745f, 0.843529f, -0.478079f, 0.408671f,
	0.530102f, -0.296444f, -0.794427f, 0.841877f,
	-0.811845f, -0.447862f, -0.374603f, -0.034045f
	},
	{
	0.005067f, 0.878302f, -0.478079f, 0.452843f,
	0.423999f, -0.434869f, -0.794426f, 0.746204f,
	-0.905648f, -0.198680f, -0.374603f, 0.112477f
	},
	{
	0.005067f, 0.878302f, -0.478079f, 0.452843f,
	0.423999f, -0.434869f, -0.794426f, 0.746204f,
	-0.905648f, -0.198680f, -0.374603f, 0.112477f
	},
	{
	0.477896f, 0.747796f, -0.460886f, -0.126387f,
	0.848652f, -0.528472f, 0.022518f, 0.547915f,
	-0.226726f, -0.401893f, -0.887174f, -0.023289f
	},
	{
	-0.326276f, 0.825305f, -0.460886f, -0.254326f,
	0.925365f, 0.378409f, 0.022518f, 0.320721f,
	0.192988f, -0.419140f, -0.887174f, 0.037408f
	},
	{
	0.837117f, 0.296674f, -0.459587f, -0.188569f,
	0.343736f, -0.938852f, 0.020047f, 0.134226f,
	-0.425537f, -0.174758f, -0.887906f, -0.001486f
	},
	{
	-0.421319f, -0.553044f, -0.718772f, 0.126285f,
	0.796968f, -0.604017f, -0.002407f, 0.547915f,
	-0.432819f, -0.573852f, 0.695241f, -0.023313f
	},
	{
	0.090492f, -0.689331f, -0.718772f, 0.239077f,
	0.991163f, 0.132624f, -0.002407f, 0.334557f,
	0.096986f, -0.712203f, 0.695241f, 0.092558f
	},
	{
	-0.639649f, -0.239663f, -0.730350f, 0.220840f,
	0.343630f, -0.939077f, 0.007201f, 0.134802f,
	-0.687581f, -0.246364f, 0.683035f, 0.073011f
	},
	{
	0.000269f, -0.025813f, -0.999667f, -0.000043f,
	-0.991237f, -0.132054f, 0.003144f, 0.967758f,
	-0.132091f, 0.990906f, -0.025622f, 0.063217f
	},
	{
	-0.000002f, 0.000096f, -1.000000f, -0.000049f,
	-0.999761f, -0.021868f, 0.000000f, 0.504592f,
	-0.021868f, 0.999761f, 0.000096f, 0.000000f
	},
	{
	-0.000022f, 0.000093f, -1.000000f, -0.000048f,
	-0.973467f, -0.228829f, 0.000000f, 0.709087f,
	-0.228829f, 0.973467f, 0.000096f, 0.004473f
	},
	{
	0.875290f, 0.079613f, -0.476999f, -0.237679f,
	0.324372f, 0.634913f, 0.701190f, 0.912159f,
	0.358677f, -0.768470f, 0.529909f, 0.021331f
	},
	{
	0.283164f, -0.832039f, -0.476999f, -0.408816f,
	0.693378f, -0.166011f, 0.701190f, 0.848738f,
	-0.662605f, -0.529293f, 0.529909f, -0.048797f
	},
	{
	-0.050309f, -0.871124f, -0.488478f, -0.459921f,
	0.422736f, -0.461697f, 0.779826f, 0.723597f,
	-0.904855f, -0.167265f, 0.391483f, 0.070790f
	},
	{
	-0.050309f, -0.871124f, -0.488478f, -0.459921f,
	0.422737f, -0.461697f, 0.779826f, 0.723597f,
	-0.904855f, -0.167266f, 0.391484f, 0.070790f
	},
	{
	-0.870558f, -0.088969f, -0.483955f, 0.237585f,
	0.389818f, 0.475497f, -0.788635f, 0.915087f,
	0.300283f, -0.875207f, -0.379266f, 0.021974f
	},
	{
	-0.258152f, 0.836149f, -0.483955f, 0.407797f,
	0.542775f, -0.288878f, -0.788635f, 0.838870f,
	-0.799220f, -0.466266f, -0.379266f, -0.036737f
	},
	{
	0.009653f, 0.875040f, -0.483955f, 0.454388f,
	0.428564f, -0.440895f, -0.788635f, 0.740910f,
	-0.903460f, -0.199793f, -0.379266f, 0.107506f
	},
	{
	0.009653f, 0.875040f, -0.483955f, 0.454388f,
	0.428564f, -0.440895f, -0.788635f, 0.740910f,
	-0.903460f, -0.199793f, -0.379266f, 0.107506f
	},
	{
	0.488490f, 0.740746f, -0.461166f, -0.126387f,
	0.841522f, -0.539666f, 0.024546f, 0.544213f,
	-0.230693f, -0.400072f, -0.886974f, -0.023191f
	},
	{
	-0.337469f, 0.820635f, -0.461166f, -0.257162f,
	0.919647f, 0.391979f, 0.024546f, 0.318927f,
	0.200911f, -0.415826f, -0.886974f, 0.038568f
	},
	{
	0.838094f, 0.295338f, -0.458665f, -0.189150f,
	0.341926f, -0.939518f, 0.019819f, 0.133585f,
	-0.425071f, -0.173440f, -0.888388f, -0.001922f
	},
	{
	-0.430198f, -0.545542f, -0.719246f, 0.126285f,
	0.787786f, -0.615937f, -0.004010f, 0.544213f,
	-0.440822f, -0.568337f, 0.694744f, -0.023215f
	},
	{
	0.102104f, -0.687212f, -0.719246f, 0.241454f,
	0.988515f, 0.151068f, -0.004010f, 0.333313f,
	0.111411f, -0.710576f, 0.694744f, 0.094798f
	},
	{
	-0.640680f, -0.238985f, -0.729668f, 0.220877f,
	0.341410f, -0.939880f, 0.008062f, 0.134092f,
	-0.687727f, -0.243951f, 0.683754f, 0.072345f
	},
	{
	0.000518f, -0.049388f, -0.998780f, -0.000043f,
	-0.991719f, -0.128297f, 0.005830f, 0.963839f,
	-0.128428f, 0.990505f, -0.049046f, 0.064357f
	},
	{
	-0.000002f, 0.000096f, -1.000000f, -0.000049f,
	-0.999698f, -0.024589f, 0.000000f, 0.499328f,
	-0.024589f, 0.999698f, 0.000096f, 0.000000f
	},
	{
	-0.000022f, 0.000093f, -1.000000f, -0.000048f,
	-0.972840f, -0.231477f, 0.000000f, 0.703810f,
	-0.231477f, 0.972840f, 0.000096f, 0.005030f
	},
	{
	0.863404f, 0.095313f, -0.495429f, -0.237679f,
	0.324527f, 0.646947f, 0.690030f, 0.906835f,
	0.386285f, -0.756554f, 0.527645f, 0.022440f
	},
	{
	0.288366f, -0.819387f, -0.495429f, -0.406491f,
	0.703633f, -0.169586f, 0.690029f, 0.843384f,
	-0.649419f, -0.547581f, 0.527645f, -0.053086f
	},
	{
	-0.047230f, -0.861787f, -0.505067f, -0.458536f,
	0.426353f, -0.474651f, 0.770019f, 0.716392f,
	-0.903323f, -0.178968f, 0.389843f, 0.064121f
	},
	{
	-0.047230f, -0.861787f, -0.505067f, -0.458536f,
	0.426353f, -0.474651f, 0.770019f, 0.716392f,
	-0.903322f, -0.178969f, 0.389844f, 0.064121f
	},
	{
	-0.864891f, -0.105011f, -0.490852f, 0.237585f,
	0.384065f, 0.491185f, -0.781813f, 0.909762f,
	0.323198f, -0.864702f, -0.384491f, 0.023091f
	},
	{
	-0.274334f, 0.826925f, -0.490852f, 0.406689f,
	0.557557f, -0.279104f, -0.781813f, 0.834669f,
	-0.783499f, -0.488156f, -0.384491f, -0.040100f
	},
	{
	0.015131f, 0.871112f, -0.490852f, 0.456201f,
	0.433596f, -0.448066f, -0.781813f, 0.734041f,
	-0.900980f, -0.201002f, -0.384490f, 0.101306f
	},
	{
	0.015131f, 0.871112f, -0.490852f, 0.456201f,
	0.433596f, -0.448066f, -0.781813f, 0.734041f,
	-0.900980f, -0.201002f, -0.384490f, 0.101306f
	},
	{
	0.501234f, 0.732011f, -0.461436f, -0.126387f,
	0.832596f, -0.553233f, 0.026771f, 0.539012f,
	-0.235685f, -0.397609f, -0.886769f, -0.023083f
	},
	{
	-0.351205f, 0.814697f, -0.461436f, -0.260573f,
	0.912377f, 0.408476f, 0.026771f, 0.316116f,
	0.210295f, -0.411602f, -0.886769f, 0.040013f
	},
	{
	0.839258f, 0.293928f, -0.457442f, -0.189793f,
	0.339828f, -0.940290f, 0.019294f, 0.132239f,
	-0.424457f, -0.171644f, -0.889030f, -0.002369f
	},
	{
	-0.440875f, -0.536289f, -0.719738f, 0.126285f,
	0.776268f, -0.630377f, -0.005798f, 0.539012f,
	-0.450597f, -0.561265f, 0.694221f, -0.023107f
	},
	{
	0.116519f, -0.684398f, -0.719738f, 0.244313f,
	0.984772f, 0.173755f, -0.005798f, 0.331195f,
	0.129026f, -0.708102f, 0.694221f, 0.097523f
	},
	{
	-0.641919f, -0.238507f, -0.728735f, 0.220830f,
	0.338992f, -0.940743f, 0.009287f, 0.132729f,
	-0.687767f, -0.241074f, 0.684733f, 0.071520f
	},
	{
	0.000738f, -0.078843f, -0.996887f, -0.000043f,
	-0.992308f, -0.123466f, 0.009030f, 0.958398f,
	-0.123793f, 0.989212f, -0.078327f, 0.065606f
	},
	{
	-0.000003f, 0.000096f, -1.000000f, -0.000049f,
	-0.999622f, -0.027477f, 0.000000f, 0.496320f,
	-0.027477f, 0.999622f, 0.000096f, 0.003008f
	},
	{
	-0.000022f, 0.000093f, -1.000000f, -0.000048f,
	-0.972167f, -0.234287f, 0.000000f, 0.700787f,
	-0.234287f, 0.972167f, 0.000096f, 0.008628f
	},
	{
	0.849220f, 0.113612f, -0.515673f, -0.237679f,
	0.323204f, 0.660435f, 0.677764f, 0.903761f,
	0.417571f, -0.742238f, 0.524135f, 0.026626f
	},
	{
	0.294900f, -0.804435f, -0.515672f, -0.403718f,
	0.714772f, -0.172441f, 0.677764f, 0.840568f,
	-0.634140f, -0.568461f, 0.524135f, -0.055018f
	},
	{
	-0.042711f, -0.851209f, -0.523085f, -0.456942f,
	0.430239f, -0.488200f, 0.759312f, 0.711566f,
	-0.901704f, -0.192621f, 0.387075f, 0.059432f
	},
	{
	-0.042710f, -0.851209f, -0.523085f, -0.456942f,
	0.430240f, -0.488200f, 0.759312f, 0.711566f,
	-0.901703f, -0.192622f, 0.387076f, 0.059432f
	},
	{
	-0.858158f, -0.123331f, -0.498352f, 0.237586f,
	0.376565f, 0.508578f, -0.774304f, 0.906685f,
	0.348946f, -0.852137f, -0.389999f, 0.027285f
	},
	{
	-0.292582f, 0.816114f, -0.498352f, 0.405373f,
	0.573653f, -0.267163f, -0.774304f, 0.833059f,
	-0.765061f, -0.512428f, -0.389999f, -0.040941f
	},
	{
	0.021100f, 0.866718f, -0.498352f, 0.458178f,
	0.438873f, -0.455899f, -0.774304f, 0.729526f,
	-0.898301f, -0.202376f, -0.389999f, 0.097137f
	},
	{
	0.021100f, 0.866718f, -0.498352f, 0.458178f,
	0.438873f, -0.455899f, -0.774304f, 0.729526f,
	-0.898301f, -0.202376f, -0.389998f, 0.097137f
	},
	{
	0.515459f, 0.721908f, -0.461682f, -0.126387f,
	0.822211f, -0.568436f, 0.029148f, 0.536070f,
	-0.241395f, -0.394624f, -0.886567f, -0.019960f
	},
	{
	-0.366992f, 0.807568f, -0.461682f, -0.264382f,
	0.903634f, 0.427312f, 0.029148f, 0.315955f,
	0.220821f, -0.406494f, -0.886567f, 0.044664f
	},
	{
	0.840496f, 0.292693f, -0.455957f, -0.190420f,
	0.337780f, -0.941042f, 0.018569f, 0.133840f,
	-0.423639f, -0.169621f, -0.889808f, 0.000161f
	},
	{
	-0.452790f, -0.525631f, -0.720203f, 0.126285f,
	0.762843f, -0.646537f, -0.007731f, 0.536070f,
	-0.461575f, -0.552903f, 0.693720f, -0.019984f
	},
	{
	0.133346f, -0.680827f, -0.720203f, 0.247502f,
	0.979751f, 0.200071f, -0.007731f, 0.331848f,
	0.149355f, -0.704589f, 0.693720f, 0.103585f
	},
	{
	-0.643259f, -0.238517f, -0.727549f, 0.220628f,
	0.336912f, -0.941475f, 0.010770f, 0.134393f,
	-0.687538f, -0.238192f, 0.685971f, 0.073484f
	},
	{
	0.000860f, -0.113247f, -0.993567f, -0.000042f,
	-0.992953f, -0.117836f, 0.012572f, 0.955199f,
	-0.118501f, 0.986554f, -0.112550f, 0.069940f
	},
	{
	-0.000003f, 0.000096f, -1.000000f, -0.000049f,
	-0.999536f, -0.030458f, 0.000000f, 0.490304f,
	-0.030458f, 0.999536f, 0.000096f, 0.003008f
	},
	{
	-0.000023f, 0.000093f, -1.000000f, -0.000048f,
	-0.971464f, -0.237186f, 0.000000f, 0.694753f,
	-0.237186f, 0.971464f, 0.000096f, 0.009238f
	},
	{
	0.833070f, 0.134008f, -0.536689f, -0.237679f,
	0.319882f, 0.674835f, 0.665036f, 0.897673f,
	0.451297f, -0.725699f, 0.519318f, 0.027841f
	},
	{
	0.302778f, -0.787585f, -0.536689f, -0.400560f,
	0.726263f, -0.173977f, 0.665036f, 0.835129f,
	-0.617144f, -0.591136f, 0.519318f, -0.060397f
	},
	{
	-0.036563f, -0.839884f, -0.541533f, -0.455206f,
	0.434339f, -0.501392f, 0.748302f, 0.704053f,
	-0.900007f, -0.207849f, 0.383126f, 0.050986f
	},
	{
	-0.036563f, -0.839884f, -0.541533f, -0.455206f,
	0.434340f, -0.501392f, 0.748301f, 0.704053f,
	-0.900007f, -0.207850f, 0.383127f, 0.050986f
	},
	{
	-0.850538f, -0.143253f, -0.506028f, 0.237586f,
	0.367262f, 0.526922f, -0.766467f, 0.900595f,
	0.376435f, -0.837754f, -0.395556f, 0.028509f
	},
	{
	-0.312222f, 0.804023f, -0.506028f, 0.403883f,
	0.590283f, -0.253170f, -0.766467f, 0.828788f,
	-0.744368f, -0.538007f, -0.395556f, -0.045092f
	},
	{
	0.027168f, 0.862089f, -0.506028f, 0.460233f,
	0.444215f, -0.463899f, -0.766467f, 0.722253f,
	-0.895508f, -0.203962f, -0.395556f, 0.089252f
	},
	{
	0.027168f, 0.862089f, -0.506028f, 0.460233f,
	0.444215f, -0.463898f, -0.766467f, 0.722253f,
	-0.895508f, -0.203962f, -0.395556f, 0.089252f
	},
	{
	0.530511f, 0.710788f, -0.461885f, -0.126387f,
	0.810737f, -0.584555f, 0.031632f, 0.530123f,
	-0.247514f, -0.391249f, -0.886375f, -0.019841f
	},
	{
	-0.384348f, 0.799336f, -0.461885f, -0.268411f,
	0.893518f, 0.447912f, 0.031632f, 0.313079f,
	0.232168f, -0.400546f, -0.886375f, 0.046421f
	},
	{
	0.841697f, 0.291893f, -0.454252f, -0.190951f,
	0.336129f, -0.941649f, 0.017740f, 0.133002f,
	-0.422568f, -0.167619f, -0.890697f, -0.000369f
	},
	{
	-0.465405f, -0.513947f, -0.720595f, 0.126285f,
	0.747985f, -0.663643f, -0.009767f, 0.530123f,
	-0.473198f, -0.543539f, 0.693288f, -0.019866f
	},
	{
	0.152208f, -0.676444f, -0.720595f, 0.250879f,
	0.973282f, 0.229405f, -0.009767f, 0.329878f,
	0.171915f, -0.699855f, 0.693288f, 0.106815f
	},
	{
	-0.644582f, -0.239323f, -0.726112f, 0.220204f,
	0.335724f, -0.941878f, 0.012409f, 0.133727f,
	-0.686879f, -0.235775f, 0.687465f, 0.072168f
	},
	{
	0.000841f, -0.151645f, -0.988435f, -0.000042f,
	-0.993609f, -0.111691f, 0.016290f, 0.948981f,
	-0.112869f, 0.982104f, -0.150770f, 0.071309f
	},
	{
	-0.000003f, 0.000096f, -1.000000f, -0.000049f,
	-0.999440f, -0.033461f, 0.000000f, 0.484288f,
	-0.033461f, 0.999440f, 0.000096f, 0.006016f
	},
	{
	-0.000023f, 0.000093f, -1.000000f, -0.000048f,
	-0.970747f, -0.240104f, 0.000000f, 0.688717f,
	-0.240104f, 0.970747f, 0.000096f, 0.012861f
	},
	{
	0.815398f, 0.156048f, -0.557472f, -0.237678f,
	0.314145f, 0.689587f, 0.652520f, 0.891580f,
	0.486250f, -0.707191f, 0.513266f, 0.032073f
	},
	{
	0.312050f, -0.769317f, -0.557472f, -0.397105f,
	0.737606f, -0.173650f, 0.652520f, 0.830159f,
	-0.598800f, -0.614814f, 0.513266f, -0.062999f
	},
	{
	-0.028639f, -0.828374f, -0.559443f, -0.453424f,
	0.438660f, -0.513318f, 0.737619f, 0.697035f,
	-0.898196f, -0.224281f, 0.378076f, 0.045073f
	},
	{
	-0.028639f, -0.828374f, -0.559443f, -0.453424f,
	0.438661f, -0.513317f, 0.737619f, 0.697035f,
	-0.898196f, -0.224281f, 0.378076f, 0.045073f
	},
	{
	-0.842279f, -0.164131f, -0.513447f, 0.237586f,
	0.356186f, 0.545479f, -0.758672f, 0.894500f,
	0.404596f, -0.821896f, -0.400985f, 0.032749f
	},
	{
	-0.332626f, 0.791033f, -0.513447f, 0.402268f,
	0.606707f, -0.237325f, -0.758672f, 0.824859f,
	-0.721988f, -0.563866f, -0.400985f, -0.046357f
	},
	{
	0.032966f, 0.857488f, -0.513447f, 0.462300f,
	0.449498f, -0.471559f, -0.758672f, 0.715360f,
	-0.892673f, -0.205783f, -0.400984f, 0.083947f
	},
	{
	0.032966f, 0.857488f, -0.513447f, 0.462300f,
	0.449498f, -0.471559f, -0.758672f, 0.715360f,
	-0.892673f, -0.205783f, -0.400984f, 0.083947f
	},
	{
	0.545766f, 0.699048f, -0.462030f, -0.126387f,
	0.798596f, -0.600896f, 0.034177f, 0.524175f,
	-0.253741f, -0.387628f, -0.886205f, -0.016714f
	},
	{
	-0.402808f, 0.790110f, -0.462030f, -0.272495f,
	0.882155f, 0.469718f, 0.034177f, 0.310381f,
	0.244027f, -0.393815f, -0.886205f, 0.051216f
	},
	{
	0.842740f, 0.291804f, -0.452371f, -0.191315f,
	0.335238f, -0.941982f, 0.016899f, 0.132595f,
	-0.421195f, -0.165893f, -0.891669f, 0.002035f
	},
	{
	-0.478217f, -0.501660f, -0.720865f, 0.126285f,
	0.732222f, -0.680962f, -0.011860f, 0.524175f,
	-0.484932f, -0.533505f, 0.692974f, -0.016738f
	},
	{
	0.172750f, -0.671202f, -0.720865f, 0.254309f,
	0.965222f, 0.261162f, -0.011860f, 0.328150f,
	0.196223f, -0.693746f, 0.692974f, 0.113084f
	},
	{
	-0.645760f, -0.241254f, -0.724424f, 0.219494f,
	0.336009f, -0.941753f, 0.014109f, 0.133623f,
	-0.685632f, -0.234302f, 0.689210f, 0.073538f
	},
	{
	0.000679f, -0.193062f, -0.981186f, -0.000042f,
	-0.994236f, -0.105329f, 0.020037f, 0.942758f,
	-0.107215f, 0.975517f, -0.192020f, 0.075695f
	},
	{
	-0.000003f, 0.000096f, -1.000000f, -0.000049f,
	-0.999337f, -0.036413f, 0.000000f, 0.479024f,
	-0.036413f, 0.999337f, 0.000096f, 0.006016f
	},
	{
	-0.000023f, 0.000093f, -1.000000f, -0.000048f,
	-0.970034f, -0.242969f, 0.000000f, 0.683432f,
	-0.242969f, 0.970034f, 0.000096f, 0.013464f
	},
	{
	0.796764f, 0.179350f, -0.577062f, -0.237678f,
	0.305685f, 0.704126f, 0.640908f, 0.886238f,
	0.521272f, -0.687051f, 0.506198f, 0.033275f
	},
	{
	0.322813f, -0.750194f, -0.577062f, -0.393462f,
	0.748332f, -0.170985f, 0.640908f, 0.826470f,
	-0.579474f, -0.638728f, 0.506198f, -0.068643f
	},
	{
	-0.018840f, -0.817306f, -0.575895f, -0.451723f,
	0.443271f, -0.523122f, 0.727910f, 0.691411f,
	-0.896189f, -0.241564f, 0.372144f, 0.035940f
	},
	{
	-0.018839f, -0.817306f, -0.575895f, -0.451723f,
	0.443272f, -0.523122f, 0.727910f, 0.691411f,
	-0.896189f, -0.241565f, 0.372144f, 0.035940f
	},
	{
	-0.833706f, -0.185364f, -0.520168f, 0.237586f,
	0.343456f, 0.563546f, -0.751301f, 0.889155f,
	0.432402f, -0.805019f, -0.406167f, 0.033961f
	},
	{
	-0.353231f, 0.777595f, -0.520168f, 0.400592f,
	0.622239f, -0.219920f, -0.751301f, 0.822003f,
	-0.698603f, -0.589051f, -0.406167f, -0.050582f
	},
	{
	0.038148f, 0.853212f, -0.520168f, 0.464343f,
	0.454657f, -0.478365f, -0.751301f, 0.709701f,
	-0.889849f, -0.207837f, -0.406167f, 0.075501f
	},
	{
	0.038148f, 0.853212f, -0.520168f, 0.464343f,
	0.454657f, -0.478365f, -0.751301f, 0.709701f,
	-0.889849f, -0.207837f, -0.406167f, 0.075501f
	},
	{
	0.560632f, 0.687138f, -0.462096f, -0.126387f,
	0.786261f, -0.616802f, 0.036736f, 0.518978f,
	-0.259779f, -0.383923f, -0.886068f, -0.016596f
	},
	{
	-0.421934f, 0.780025f, -0.462096f, -0.276475f,
	0.869703f, 0.492206f, 0.036736f, 0.308487f,
	0.256101f, -0.386387f, -0.886068f, 0.052950f
	},
	{
	0.843497f, 0.292719f, -0.450365f, -0.191440f,
	0.335484f, -0.941908f, 0.016131f, 0.133210f,
	-0.419480f, -0.164697f, -0.892699f, 0.001337f
	},
	{
	-0.490769f, -0.489238f, -0.720966f, 0.126285f,
	0.716145f, -0.697812f, -0.013961f, 0.518978f,
	-0.496269f, -0.523168f, 0.692829f, -0.016620f
	},
	{
	0.193591f, -0.665380f, -0.720966f, 0.257670f,
	0.955932f, 0.293254f, -0.013961f, 0.327258f,
	0.220716f, -0.686492f, 0.692829f, 0.116237f
	},
	{
	-0.646998f, -0.243629f, -0.722522f, 0.218654f,
	0.336874f, -0.941418f, 0.015778f, 0.134603f,
	-0.684039f, -0.233190f, 0.691167f, 0.071755f
	},
	{
	0.000414f, -0.236512f, -0.971628f, -0.000042f,
	-0.994799f, -0.099063f, 0.023690f, 0.937286f,
	-0.101855f, 0.966565f, -0.235323f, 0.077048f
	},
	{
	-0.000004f, 0.000096f, -1.000000f, -0.000049f,
	-0.999230f, -0.039239f, 0.000000f, 0.475264f,
	-0.039239f, 0.999230f, 0.000096f, 0.006016f
	},
	{
	-0.000024f, 0.000093f, -1.000000f, -0.000048f,
	-0.969343f, -0.245712f, 0.000000f, 0.679650f,
	-0.245712f, 0.969343f, 0.000096f, 0.014042f
	},
	{
	0.777845f, 0.203617f, -0.594556f, -0.237678f,
	0.294308f, 0.717886f, 0.630890f, 0.882399f,
	0.555284f, -0.665717f, 0.498478f, 0.034427f
	},
	{
	0.335209f, -0.730847f, -0.594556f, -0.389762f,
	0.757999f, -0.165578f, 0.630890f, 0.824856f,
	-0.559529f, -0.662152f, 0.498478f, -0.074142f
	},
	{
	-0.007111f, -0.807355f, -0.590023f, -0.450261f,
	0.448286f, -0.530000f, 0.719819f, 0.688052f,
	-0.893862f, -0.259381f, 0.365695f, 0.026842f
	},
	{
	-0.007111f, -0.807355f, -0.590023f, -0.450261f,
	0.448287f, -0.530000f, 0.719819f, 0.688052f,
	-0.893861f, -0.259381f, 0.365695f, 0.026842f
	},
	{
	-0.825225f, -0.206399f, -0.525741f, 0.237586f,
	0.329283f, 0.580462f, -0.744739f, 0.885315f,
	0.458886f, -0.787695f, -0.411048f, 0.035121f
	},
	{
	-0.373545f, 0.764239f, -0.525741f, 0.398934f,
	0.636261f, -0.201334f, -0.744739f, 0.820933f,
	-0.675008f, -0.612702f, -0.411048f, -0.054600f
	},
	{
	0.042398f, 0.849588f, -0.525740f, 0.466351f,
	0.459677f, -0.483798f, -0.744739f, 0.706101f,
	-0.887073f, -0.210095f, -0.411048f, 0.067225f
	},
	{
	0.042398f, 0.849588f, -0.525740f, 0.466351f,
	0.459677f, -0.483798f, -0.744739f, 0.706101f,
	-0.887073f, -0.210095f, -0.411048f, 0.067225f
	},
	{
	0.574562f, 0.675554f, -0.462066f, -0.126387f,
	0.774255f, -0.631655f, 0.039259f, 0.515282f,
	-0.265344f, -0.380313f, -0.885976f, -0.016483f
	},
	{
	-0.440072f, 0.769956f, -0.462066f, -0.280204f,
	0.857194f, 0.513494f, 0.039259f, 0.308005f,
	0.267496f, -0.378803f, -0.885976f, 0.054553f
	},
	{
	0.844284f, 0.293587f, -0.448322f, -0.191514f,
	0.335734f, -0.941830f, 0.015493f, 0.135249f,
	-0.417694f, -0.163597f, -0.893738f, 0.000643f
	},
	{
	-0.502651f, -0.477194f, -0.720852f, 0.126285f,
	0.700400f, -0.713572f, -0.016015f, 0.515282f,
	-0.506737f, -0.512935f, 0.692904f, -0.016507f
	},
	{
	0.213154f, -0.659498f, -0.720852f, 0.260851f,
	0.946158f, 0.323309f, -0.016015f, 0.327777f,
	0.243620f, -0.678627f, 0.692904f, 0.119153f
	},
	{
	-0.648564f, -0.245523f, -0.720474f, 0.217893f,
	0.337069f, -0.941320f, 0.017356f, 0.137092f,
	-0.682458f, -0.231594f, 0.693264f, 0.070054f
	},
	{
	0.000137f, -0.281028f, -0.959700f, -0.000042f,
	-0.995275f, -0.093220f, 0.027155f, 0.933323f,
	-0.097095f, 0.955161f, -0.279713f, 0.078344f
	},
	{
	-0.000004f, 0.000096f, -1.000000f, -0.000049f,
	-0.999123f, -0.041869f, 0.000000f, 0.469248f,
	-0.041869f, 0.999123f, 0.000096f, 0.009024f
	},
	{
	-0.000024f, 0.000093f, -1.000000f, -0.000048f,
	-0.968693f, -0.248262f, 0.000000f, 0.673612f,
	-0.248262f, 0.968693f, 0.000096f, 0.017588f
	},
	{
	0.760026f, 0.226744f, -0.609055f, -0.237678f,
	0.281395f, 0.729943f, 0.622896f, 0.876307f,
	0.585813f, -0.644802f, 0.490971f, 0.038507f
	},
	{
	0.347647f, -0.712877f, -0.609055f, -0.386278f,
	0.766060f, -0.158596f, 0.622896f, 0.821288f,
	-0.540641f, -0.683121f, 0.490971f, -0.076032f
	},
	{
	0.004594f, -0.799025f, -0.601281f, -0.449022f,
	0.452974f, -0.534397f, 0.713606f, 0.683030f,
	-0.891511f, -0.275643f, 0.359482f, 0.021543f
	},
	{
	0.004595f, -0.799024f, -0.601281f, -0.449022f,
	0.452975f, -0.534397f, 0.713606f, 0.683030f,
	-0.891511f, -0.275644f, 0.359483f, 0.021544f
	},
	{
	-0.817312f, -0.226737f, -0.529709f, 0.237586f,
	0.313954f, 0.595626f, -0.739366f, 0.879221f,
	0.483151f, -0.770597f, -0.415627f, 0.039208f
	},
	{
	-0.393150f, 0.751559f, -0.529709f, 0.397387f,
	0.648235f, -0.182016f, -0.739366f, 0.817836f,
	-0.652093f, -0.634058f, -0.415627f, -0.055258f
	},
	{
	0.045428f, 0.846962f, -0.529709f, 0.468343f,
	0.464588f, -0.487335f, -0.739366f, 0.700843f,
	-0.884361f, -0.212509f, -0.415627f, 0.062432f
	},
	{
	0.045428f, 0.846962f, -0.529709f, 0.468343f,
	0.464588f, -0.487335f, -0.739366f, 0.700843f,
	-0.884361f, -0.212509f, -0.415627f, 0.062432f
	},
	{
	0.587047f, 0.664837f, -0.461918f, -0.126387f,
	0.763145f, -0.644880f, 0.041699f, 0.509325f,
	-0.270159f, -0.376990f, -0.885942f, -0.013369f
	},
	{
	-0.455747f, 0.760872f, -0.461918f, -0.283546f,
	0.845771f, 0.531915f, 0.041699f, 0.305022f,
	0.277429f, -0.371672f, -0.885942f, 0.058955f
	},
	{
	0.845373f, 0.293456f, -0.446350f, -0.191697f,
	0.334967f, -0.942110f, 0.015020f, 0.134569f,
	-0.416103f, -0.162210f, -0.894732f, 0.003044f
	},
	{
	-0.513503f, -0.466079f, -0.720476f, 0.126285f,
	0.685684f, -0.727678f, -0.017968f, 0.509325f,
	-0.515900f, -0.503245f, 0.693247f, -0.013394f
	},
	{
	0.230815f, -0.653941f, -0.720476f, 0.263756f,
	0.936455f, 0.350327f, -0.017968f, 0.325759f,
	0.264152f, -0.670546f, 0.693247f, 0.124719f
	},
	{
	-0.650410f, -0.246906f, -0.718335f, 0.217238f,
	0.336618f, -0.941454f, 0.018808f, 0.137030f,
	-0.680923f, -0.229572f, 0.695443f, 0.071483f
	},
	{
	-0.000009f, -0.325673f, -0.945482f, -0.000042f,
	-0.995644f, -0.088144f, 0.030371f, 0.927116f,
	-0.093230f, 0.941365f, -0.324254f, 0.082557f
	},
	{
	-0.000004f, 0.000096f, -1.000000f, -0.000049f,
	-0.999021f, -0.044228f, 0.000000f, 0.466295f,
	-0.044228f, 0.999021f, 0.000096f, 0.009024f
	},
	{
	-0.000024f, 0.000093f, -1.000000f, -0.000048f,
	-0.968104f, -0.250549f, 0.000000f, 0.670639f,
	-0.250549f, 0.968104f, 0.000096f, 0.018071f
	},
	{
	0.744683f, 0.246342f, -0.620293f, -0.237678f,
	0.269115f, 0.739661f, 0.616830f, 0.873284f,
	0.610757f, -0.626273f, 0.484518f, 0.039468f
	},
	{
	0.358165f, -0.697821f, -0.620293f, -0.383278f,
	0.772298f, -0.151909f, 0.616830f, 0.820666f,
	-0.524665f, -0.699978f, 0.484518f, -0.079947f
	},
	{
	0.014110f, -0.792433f, -0.609796f, -0.447920f,
	0.456538f, -0.537472f, 0.709011f, 0.681282f,
	-0.889592f, -0.288398f, 0.354192f, 0.014744f
	},
	{
	0.014110f, -0.792433f, -0.609795f, -0.447920f,
	0.456538f, -0.537471f, 0.709011f, 0.681282f,
	-0.889591f, -0.288399f, 0.354193f, 0.014744f
	},
	{
	-0.810592f, -0.244017f, -0.532350f, 0.237586f,
	0.299853f, 0.607897f, -0.735221f, 0.876196f,
	0.503021f, -0.755590f, -0.419587f, 0.040176f
	},
	{
	-0.409843f, 0.740697f, -0.532350f, 0.396073f,
	0.657543f, -0.164582f, -0.735221f, 0.817569f,
	-0.632191f, -0.651369f, -0.419587f, -0.058175f
	},
	{
	0.047336f, 0.845200f, -0.532350f, 0.470042f,
	0.469029f, -0.489349f, -0.735221f, 0.698895f,
	-0.881913f, -0.214885f, -0.419587f, 0.055923f
	},
	{
	0.047336f, 0.845200f, -0.532350f, 0.470042f,
	0.469029f, -0.489349f, -0.735221f, 0.698895f,
	-0.881913f, -0.214885f, -0.419587f, 0.055923f
	},
	{
	0.597611f, 0.655557f, -0.461634f, -0.126387f,
	0.753532f, -0.655937f, 0.044006f, 0.506425f,
	-0.273954f, -0.374154f, -0.885978f, -0.013275f
	},
	{
	-0.468815f, 0.753065f, -0.461634f, -0.286375f,
	0.835786f, 0.547288f, 0.044006f, 0.304696f,
	0.285786f, -0.365197f, -0.885978f, 0.060066f
	},
	{
	0.846562f, 0.292786f, -0.444533f, -0.191892f,
	0.333737f, -0.942550f, 0.014764f, 0.136255f,
	-0.414672f, -0.160856f, -0.895640f, 0.002470f
	},
	{
	-0.523006f, -0.456472f, -0.719790f, 0.126285f,
	0.672731f, -0.739623f, -0.019764f, 0.506425f,
	-0.523351f, -0.494562f, 0.693910f, -0.013299f
	},
	{
	0.245958f, -0.649159f, -0.719790f, 0.266300f,
	0.927489f, 0.373328f, -0.019764f, 0.326327f,
	0.281548f, -0.662736f, 0.693910f, 0.126809f
	},
	{
	-0.652155f, -0.248604f, -0.716164f, 0.216731f,
	0.337033f, -0.941284f, 0.019841f, 0.139405f,
	-0.679046f, -0.228432f, 0.697650f, 0.070067f
	},
	{
	0.000024f, -0.368141f, -0.929770f, -0.000042f,
	-0.995840f, -0.084723f, 0.033520f, 0.923988f,
	-0.091112f, 0.925902f, -0.366612f, 0.083638f
	},
	{
	-0.000004f, 0.000096f, -1.000000f, -0.000049f,
	-0.998930f, -0.046245f, 0.000000f, 0.463677f,
	-0.046245f, 0.998930f, 0.000096f, 0.009024f
	},
	{
	-0.000024f, 0.000093f, -1.000000f, -0.000048f,
	-0.967596f, -0.252503f, 0.000000f, 0.668003f,
	-0.252503f, 0.967596f, 0.000096f, 0.018483f
	},
	{
	0.732559f, 0.261770f, -0.628358f, -0.237678f,
	0.258510f, 0.746959f, 0.612556f, 0.870603f,
	0.629706f, -0.611170f, 0.479522f, 0.040289f
	},
	{
	0.366363f, -0.686254f, -0.628358f, -0.380908f,
	0.776792f, -0.146181f, 0.612556f, 0.820060f,
	-0.512223f, -0.712521f, 0.479522f, -0.082831f
	},
	{
	0.021132f, -0.787654f, -0.615755f, -0.447029f,
	0.459020f, -0.539498f, 0.705862f, 0.679864f,
	-0.888174f, -0.297561f, 0.350149f, 0.009615f
	},
	{
	0.021132f, -0.787654f, -0.615755f, -0.447029f,
	0.459021f, -0.539498f, 0.705862f, 0.679864f,
	-0.888174f, -0.297561f, 0.350149f, 0.009615f
	},
	{
	-0.805540f, -0.256310f, -0.534238f, 0.237586f,
	0.289319f, 0.616690f, -0.732112f, 0.873514f,
	0.517107f, -0.744311f, -0.422613f, 0.041003f
	},
	{
	-0.421824f, 0.732567f, -0.534238f, 0.395086f,
	0.664125f, -0.151493f, -0.732112f, 0.816946f,
	-0.617254f, -0.663623f, -0.422613f, -0.060101f
	},
	{
	0.048463f, 0.843944f, -0.534238f, 0.471216f,
	0.472588f, -0.490584f, -0.732112f, 0.697085f,
	-0.879950f, -0.216994f, -0.422613f, 0.051301f
	},
	{
	0.048463f, 0.843944f, -0.534238f, 0.471216f,
	0.472588f, -0.490584f, -0.732112f, 0.697085f,
	-0.879950f, -0.216994f, -0.422613f, 0.051301f
	},
	{
	0.605807f, 0.648304f, -0.461194f, -0.126387f,
	0.746032f, -0.664310f, 0.046133f, 0.503852f,
	-0.276468f, -0.372013f, -0.886099f, -0.013194f
	},
	{
	-0.479127f, 0.746818f, -0.461194f, -0.288569f,
	0.827589f, 0.559435f, 0.046133f, 0.304131f,
	0.292461f, -0.359576f, -0.886099f, 0.060820f
	},
	{
	0.847218f, 0.293273f, -0.442960f, -0.192007f,
	0.334103f, -0.942417f, 0.015064f, 0.137342f,
	-0.413035f, -0.160756f, -0.896415f, 0.001879f
	},
	{
	-0.529865f, -0.449545f, -0.719133f, 0.126285f,
	0.663445f, -0.747922f, -0.021293f, 0.503852f,
	-0.528283f, -0.488388f, 0.694546f, -0.013218f
	},
	{
	0.258833f, -0.644867f, -0.719133f, 0.268136f,
	0.919392f, 0.392765f, -0.021293f, 0.326240f,
	0.296181f, -0.655654f, 0.694546f, 0.128210f
	},
	{
	-0.652902f, -0.251907f, -0.714326f, 0.215972f,
	0.340493f, -0.940028f, 0.020286f, 0.140950f,
	-0.676596f, -0.229978f, 0.699519f, 0.068519f
	},
	{
	0.000121f, -0.407444f, -0.913230f, -0.000042f,
	-0.995814f, -0.083522f, 0.037131f, 0.921219f,
	-0.091403f, 0.909403f, -0.405749f, 0.084562f
	},
	{
	-0.000005f, 0.000096f, -1.000000f, -0.000049f,
	-0.998855f, -0.047846f, 0.000000f, 0.461728f,
	-0.047846f, 0.998855f, 0.000096f, 0.009024f
	},
	{
	-0.000024f, 0.000093f, -1.000000f, -0.000048f,
	-0.967190f, -0.254054f, 0.000000f, 0.666038f,
	-0.254054f, 0.967190f, 0.000096f, 0.018811f
	},
	{
	0.724367f, 0.272375f, -0.633328f, -0.237678f,
	0.250585f, 0.751793f, 0.609930f, 0.868603f,
	0.642261f, -0.600515f, 0.476321f, 0.040941f
	},
	{
	0.371816f, -0.678711f, -0.633328f, -0.379306f,
	0.779620f, -0.142048f, 0.609930f, 0.819609f,
	-0.503929f, -0.720537f, 0.476321f, -0.084633f
	},
	{
	0.025361f, -0.784716f, -0.619336f, -0.446412f,
	0.460460f, -0.540732f, 0.703978f, 0.678903f,
	-0.887317f, -0.303033f, 0.347617f, 0.006316f
	},
	{
	0.025361f, -0.784716f, -0.619336f, -0.446412f,
	0.460461f, -0.540731f, 0.703978f, 0.678903f,
	-0.887317f, -0.303033f, 0.347618f, 0.006316f
	},
	{
	-0.802371f, -0.263785f, -0.535368f, 0.237586f,
	0.282562f, 0.622225f, -0.730065f, 0.871512f,
	0.525699f, -0.737057f, -0.424720f, 0.041660f
	},
	{
	-0.429285f, 0.727390f, -0.535368f, 0.394466f,
	0.668260f, -0.142948f, -0.730065f, 0.816266f,
	-0.607571f, -0.671171f, -0.424720f, -0.061125f
	},
	{
	0.048891f, 0.843203f, -0.535368f, 0.471943f,
	0.475224f, -0.491088f, -0.730065f, 0.695658f,
	-0.878505f, -0.218726f, -0.424720f, 0.048530f
	},
	{
	0.048891f, 0.843203f, -0.535368f, 0.471943f,
	0.475224f, -0.491088f, -0.730065f, 0.695659f,
	-0.878505f, -0.218726f, -0.424720f, 0.048530f
	},
	{
	0.611191f, 0.643670f, -0.460580f, -0.126387f,
	0.741265f, -0.669491f, 0.048033f, 0.501938f,
	-0.277437f, -0.370769f, -0.886317f, -0.013129f
	},
	{
	-0.486523f, 0.742403f, -0.460580f, -0.290010f,
	0.821511f, 0.568165f, 0.048033f, 0.303493f,
	0.297345f, -0.355003f, -0.886317f, 0.061144f
	},
	{
	0.847024f, 0.295793f, -0.441653f, -0.191958f,
	0.337121f, -0.941323f, 0.016106f, 0.137929f,
	-0.410974f, -0.162533f, -0.897041f, 0.001218f
	},
	{
	-0.533302f, -0.445944f, -0.718835f, 0.126285f,
	0.658961f, -0.751841f, -0.022462f, 0.501938f,
	-0.530433f, -0.485663f, 0.694818f, -0.013153f
	},
	{
	0.268951f, -0.641047f, -0.718835f, 0.269056f,
	0.912663f, 0.408095f, -0.022462f, 0.325527f,
	0.307752f, -0.650013f, 0.694818f, 0.128850f
	},
	{
	-0.652446f, -0.256278f, -0.713187f, 0.214853f,
	0.346250f, -0.937923f, 0.020275f, 0.141592f,
	-0.674111f, -0.233713f, 0.700680f, 0.066827f
	},
	{
	0.000201f, -0.444641f, -0.895709f, -0.000042f,
	-0.995562f, -0.084378f, 0.041663f, 0.919147f,
	-0.094104f, 0.891725f, -0.442685f, 0.085296f
	},
	{
	-0.000005f, 0.000096f, -1.000000f, -0.000049f,
	-0.998801f, -0.048959f, 0.000000f, 0.460781f,
	-0.048959f, 0.998801f, 0.000096f, 0.009024f
	},
	{
	-0.000024f, 0.000093f, -1.000000f, -0.000048f,
	-0.966906f, -0.255131f, 0.000000f, 0.665080f,
	-0.255131f, 0.966906f, 0.000096f, 0.019038f
	},
	{
	0.720744f, 0.277461f, -0.635251f, -0.237678f,
	0.246293f, 0.754112f, 0.608815f, 0.867620f,
	0.647972f, -0.595257f, 0.475185f, 0.041395f
	},
	{
	0.374060f, -0.675674f, -0.635251f, -0.378598f,
	0.780841f, -0.140110f, 0.608815f, 0.819465f,
	-0.500366f, -0.723763f, 0.475185f, -0.085297f
	},
	{
	0.026500f, -0.783609f, -0.620689f, -0.446108f,
	0.460879f, -0.541402f, 0.703188f, 0.678539f,
	-0.887067f, -0.304697f, 0.346802f, 0.005009f
	},
	{
	0.026500f, -0.783609f, -0.620689f, -0.446108f,
	0.460880f, -0.541402f, 0.703188f, 0.678539f,
	-0.887067f, -0.304698f, 0.346802f, 0.005009f
	},
	{
	-0.801194f, -0.266572f, -0.535749f, 0.237586f,
	0.279710f, 0.624643f, -0.729098f, 0.870529f,
	0.529009f, -0.734003f, -0.425898f, 0.042117f
	},
	{
	-0.432358f, 0.725286f, -0.535749f, 0.394236f,
	0.670127f, -0.139089f, -0.729098f, 0.815840f,
	-0.603321f, -0.674251f, -0.425897f, -0.061315f
	},
	{
	0.048693f, 0.842972f, -0.535749f, 0.472268f,
	0.476876f, -0.490923f, -0.729098f, 0.694896f,
	-0.877621f, -0.219983f, -0.425897f, 0.047572f
	},
	{
	0.048693f, 0.842972f, -0.535749f, 0.472268f,
	0.476875f, -0.490923f, -0.729098f, 0.694896f,
	-0.877621f, -0.219983f, -0.425897f, 0.047572f
	},
	{
	0.613041f, 0.642312f, -0.460017f, -0.126387f,
	0.739975f, -0.670811f, 0.049488f, 0.501016f,
	-0.276797f, -0.370739f, -0.886530f, -0.013084f
	},
	{
	-0.490961f, 0.739826f, -0.460017f, -0.290505f,
	0.817749f, 0.573443f, 0.049488f, 0.302916f,
	0.300406f, -0.351882f, -0.886530f, 0.061018f
	},
	{
	0.846055f, 0.299767f, -0.440829f, -0.191559f,
	0.342029f, -0.939526f, 0.017549f, 0.138110f,
	-0.408910f, -0.165624f, -0.897419f, 0.000475f
	},
	{
	-0.533746f, -0.445414f, -0.718833f, 0.126285f,
	0.658807f, -0.751953f, -0.023239f, 0.501016f,
	-0.530178f, -0.485976f, 0.694794f, -0.013109f
	},
	{
	0.274626f, -0.638638f, -0.718833f, 0.269175f,
	0.908657f, 0.416896f, -0.023239f, 0.324646f,
	0.314520f, -0.646791f, 0.694794f, 0.128827f
	},
	{
	-0.651457f, -0.259893f, -0.712783f, 0.213828f,
	0.351612f, -0.935934f, 0.019898f, 0.141519f,
	-0.672289f, -0.237661f, 0.701102f, 0.065439f
	},
	{
	0.000173f, -0.480741f, -0.876862f, -0.000041f,
	-0.995065f, -0.087092f, 0.047552f, 0.918115f,
	-0.099228f, 0.872527f, -0.478384f, 0.085805f
	},
	{
	-0.000005f, 0.000096f, -1.000000f, -0.000049f,
	-0.998774f, -0.049511f, 0.000000f, 0.461171f,
	-0.049511f, 0.998774f, 0.000096f, 0.009024f
	},
	{
	-0.000024f, 0.000093f, -1.000000f, -0.000048f,
	-0.966765f, -0.255666f, 0.000000f, 0.665464f,
	-0.255666f, 0.966765f, 0.000096f, 0.019151f
	},
	{
	0.722198f, 0.276236f, -0.634132f, -0.237678f,
	0.246512f, 0.753800f, 0.609111f, 0.867992f,
	0.646267f, -0.596220f, 0.476298f, 0.041620f
	},
	{
	0.372564f, -0.677548f, -0.634132f, -0.378882f,
	0.780463f, -0.140926f, 0.609111f, 0.819794f,
	-0.502068f, -0.721850f, 0.476298f, -0.084738f
	},
	{
	0.024275f, -0.784286f, -0.619924f, -0.446122f,
	0.460271f, -0.541706f, 0.703353f, 0.678936f,
	-0.887446f, -0.302408f, 0.347834f, 0.005875f
	},
	{
	0.024275f, -0.784286f, -0.619924f, -0.446122f,
	0.460272f, -0.541705f, 0.703352f, 0.678936f,
	-0.887446f, -0.302408f, 0.347835f, 0.005875f
	},
	{
	-0.802025f, -0.264757f, -0.535406f, 0.237586f,
	0.280822f, 0.623993f, -0.729227f, 0.870900f,
	0.527157f, -0.735212f, -0.426109f, 0.042343f
	},
	{
	-0.431107f, 0.726284f, -0.535406f, 0.394398f,
	0.669798f, -0.139998f, -0.729227f, 0.815994f,
	-0.604581f, -0.672988f, -0.426109f, -0.060727f
	},
	{
	0.047935f, 0.843234f, -0.535406f, 0.472205f,
	0.477463f, -0.490160f, -0.729227f, 0.695109f,
	-0.877343f, -0.220681f, -0.426109f, 0.048388f
	},
	{
	0.047935f, 0.843234f, -0.535406f, 0.472205f,
	0.477463f, -0.490160f, -0.729227f, 0.695109f,
	-0.877343f, -0.220681f, -0.426109f, 0.048388f
	},
	{
	0.611264f, 0.644219f, -0.459715f, -0.126387f,
	0.742170f, -0.668322f, 0.050283f, 0.501418f,
	-0.274845f, -0.371923f, -0.886642f, -0.013062f
	},
	{
	-0.491608f, 0.739583f, -0.459715f, -0.290030f,
	0.817057f, 0.574361f, 0.050283f, 0.302730f,
	0.301231f, -0.350894f, -0.886642f, 0.060517f
	},
	{
	0.844697f, 0.303736f, -0.440718f, -0.190953f,
	0.347087f, -0.937640f, 0.019034f, 0.138064f,
	-0.407454f, -0.169045f, -0.897444f, -0.000192f
	},
	{
	-0.531564f, -0.447643f, -0.719066f, 0.126285f,
	0.662437f, -0.748746f, -0.023583f, 0.501418f,
	-0.527841f, -0.488872f, 0.694542f, -0.013086f
	},
	{
	0.274185f, -0.638567f, -0.719066f, 0.268591f,
	0.908721f, 0.416738f, -0.023583f, 0.324076f,
	0.314721f, -0.646964f, 0.694542f, 0.128223f
	},
	{
	-0.650650f, -0.260933f, -0.713140f, 0.213333f,
	0.353903f, -0.935084f, 0.019249f, 0.140936f,
