#include "game/component/Animator.h"
#include "game/resource/animation.h"

// 17 bones
AnimationMatrix const mario_animation_running[] = { // 9 frames
	{
	0.000013f, 0.000095f, -1.000000f, -0.000049f,
	-0.990967f, 0.134106f, 0.000000f, 0.577536f,
	0.134106f, 0.990967f, 0.000096f, 0.000000f
	},
	{
	0.000014f, 0.470635f, -0.882328f, -0.000051f,
	-0.988993f, 0.130559f, 0.069624f, 0.780232f,
	0.147963f, 0.872615f, 0.465456f, -0.027430f
	},
	{
	0.867793f, -0.417259f, -0.269873f, -0.223880f,
	-0.287719f, -0.864688f, 0.411743f, 0.992168f,
	-0.405160f, -0.279660f, -0.870422f, 0.027109f
	},
	{
	0.307313f, -0.912539f, -0.269873f, -0.393551f,
	-0.819858f, -0.397870f, 0.411743f, 1.048422f,
	-0.483106f, 0.094724f, -0.870423f, 0.106326f
	},
	{
	-0.151856f, -0.491301f, -0.857649f, -0.449015f,
	-0.860608f, -0.361021f, 0.359190f, 1.196390f,
	-0.486100f, 0.792645f, -0.367994f, 0.193517f
	},
	{
	-0.151857f, -0.491302f, -0.857649f, -0.449015f,
	-0.860607f, -0.361022f, 0.359191f, 1.196390f,
	-0.486101f, 0.792645f, -0.367994f, 0.193517f
	},
	{
	-0.678814f, -0.419455f, -0.602718f, 0.195458f,
	0.182190f, 0.698924f, -0.691601f, 0.962052f,
	0.711349f, -0.579278f, -0.398019f, -0.194551f
	},
	{
	-0.785867f, 0.138367f, -0.602717f, 0.328180f,
	0.600965f, 0.400660f, -0.691601f, 0.926431f,
	0.145789f, -0.905719f, -0.398019f, -0.333634f
	},
	{
	-0.722878f, 0.337905f, -0.602717f, 0.470013f,
	0.684459f, 0.230657f, -0.691601f, 0.817968f,
	-0.094674f, -0.912479f, -0.398019f, -0.359946f
	},
	{
	-0.722878f, 0.337905f, -0.602718f, 0.470013f,
	0.684459f, 0.230657f, -0.691601f, 0.817968f,
	-0.094674f, -0.912479f, -0.398019f, -0.359946f
	},
	{
	0.000033f, -0.020030f, -0.999799f, -0.126388f,
	0.936938f, 0.349427f, -0.006969f, 0.613059f,
	0.349497f, -0.936749f, 0.018779f, -0.029078f
	},
	{
	0.019957f, -0.001716f, -0.999799f, -0.126397f,
	-0.266274f, 0.963872f, -0.006969f, 0.362230f,
	0.963691f, 0.266359f, 0.018779f, -0.122643f
	},
	{
	0.009353f, -0.017712f, -0.999799f, -0.130419f,
	0.666604f, 0.745379f, -0.006969f, 0.415894f,
	0.745353f, -0.666405f, 0.018779f, -0.316861f
	},
	{
	-0.000095f, -0.009983f, -0.999950f, 0.126284f,
	0.127452f, -0.991795f, 0.009889f, 0.613059f,
	-0.991845f, -0.127445f, 0.001367f, -0.029103f
	},
	{
	0.006182f, -0.007839f, -0.999950f, 0.126310f,
	0.720902f, -0.692966f, 0.009889f, 0.578939f,
	-0.693009f, -0.720928f, 0.001367f, 0.236426f
	},
	{
	-0.007309f, -0.006801f, -0.999950f, 0.125064f,
	-0.631909f, -0.774980f, 0.009889f, 0.433651f,
	-0.775008f, 0.631949f, 0.001367f, 0.376092f
	},
	{
	-0.017669f, -0.005278f, -0.999830f, -0.000055f,
	-0.993200f, 0.115180f, 0.016944f, 1.039047f,
	0.115071f, 0.993330f, -0.007278f, -0.066152f
	},
	{
	0.000006f, 0.000096f, -1.000000f, -0.000049f,
	-0.997923f, 0.064415f, 0.000000f, 0.517076f,
	0.064415f, 0.997923f, 0.000096f, 0.000000f
	},
	{
	-0.000539f, 0.235518f, -0.971870f, -0.000050f,
	-0.999338f, 0.035238f, 0.009094f, 0.721195f,
	0.036389f, 0.971231f, 0.235343f, -0.013176f
	},
	{
	0.965775f, -0.247146f, -0.078726f, -0.237973f,
	-0.093266f, -0.614098f, 0.783700f, 0.923699f,
	-0.242034f, -0.749535f, -0.616131f, 0.006201f
	},
	{
	0.475468f, -0.876204f, -0.078726f, -0.426801f,
	-0.513704f, -0.349174f, 0.783700f, 0.941934f,
	-0.714170f, -0.332182f, -0.616131f, 0.053524f
	},
	{
	0.039586f, -0.757779f, -0.651310f, -0.512614f,
	-0.562481f, -0.555636f, 0.612278f, 1.034647f,
	-0.825863f, 0.342112f, -0.448231f, 0.182417f
	},
	{
	0.039586f, -0.757779f, -0.651310f, -0.512614f,
	-0.562480f, -0.555636f, 0.612279f, 1.034647f,
	-0.825863f, 0.342111f, -0.448230f, 0.182417f
	},
	{
	-0.872093f, -0.343349f, -0.348662f, 0.223923f,
	0.107165f, 0.561211f, -0.820706f, 0.922383f,
	0.477462f, -0.753096f, -0.452633f, -0.105758f
	},
	{
	-0.876382f, 0.332249f, -0.348662f, 0.394435f,
	0.456679f, 0.343345f, -0.820706f, 0.901430f,
	-0.152968f, -0.878479f, -0.452633f, -0.199112f
	},
	{
	-0.795576f, 0.455166f, -0.399855f, 0.552604f,
	0.460092f, 0.024505f, -0.887533f, 0.819008f,
	-0.394176f, -0.890070f, -0.228913f, -0.171504f
	},
	{
	-0.795576f, 0.455166f, -0.399855f, 0.552604f,
	0.460092f, 0.024505f, -0.887533f, 0.819008f,
	-0.394176f, -0.890070f, -0.228914f, -0.171504f
	},
	{
	-0.075923f, -0.003225f, -0.997109f, -0.126387f,
	0.961395f, -0.265494f, -0.072345f, 0.554549f,
	-0.264493f, -0.964107f, 0.023258f, -0.026521f
	},
	{
	0.016520f, -0.074174f, -0.997109f, -0.106062f,
	0.092378f, 0.993093f, -0.072345f, 0.297172f,
	0.995587f, -0.090916f, 0.023258f, 0.044287f
	},
	{
	-0.069244f, -0.031304f, -0.997109f, -0.109391f,
	0.991053f, 0.112163f, -0.072345f, 0.278554f,
	0.114103f, -0.993197f, 0.023258f, -0.156359f
	},
	{
	0.029456f, -0.009895f, -0.999517f, 0.126285f,
	0.761433f, -0.647602f, 0.028851f, 0.554549f,
	-0.647574f, -0.761915f, -0.011542f, -0.026545f
	},
	{
	0.026060f, 0.016925f, -0.999517f, 0.118399f,
	0.980584f, 0.193967f, 0.028851f, 0.350704f,
	0.194362f, -0.980862f, -0.011542f, 0.146819f
	},
	{
	0.021023f, -0.022882f, -0.999517f, 0.113147f,
	0.354335f, -0.934673f, 0.028851f, 0.153081f,
	-0.934882f, -0.354770f, -0.011542f, 0.107648f
	},
	{
	-0.016980f, -0.112692f, -0.993485f, 0.000091f,
	-0.999265f, -0.032249f, 0.020737f, 0.982717f,
	-0.034376f, 0.993106f, -0.112062f, -0.022698f
	},
	{
	0.000008f, 0.000095f, -1.000000f, -0.000049f,
	-0.996787f, 0.080096f, 0.000000f, 0.589668f,
	0.080096f, 0.996787f, 0.000096f, 0.000000f
	},
	{
	0.001080f, -0.090053f, -0.995936f, -0.000050f,
	-0.996594f, 0.082023f, -0.008497f, 0.793555f,
	0.082455f, 0.992553f, -0.089658f, -0.016383f
	},
	{
	0.962843f, 0.176472f, -0.204429f, -0.234226f,
	0.196912f, 0.059297f, 0.978626f, 0.989918f,
	0.184823f, -0.982518f, 0.022345f, -0.084162f
	},
	{
	0.799060f, -0.565431f, -0.204429f, -0.422481f,
	0.180017f, -0.099420f, 0.978626f, 0.951418f,
	-0.573670f, -0.818782f, 0.022345f, -0.120299f
	},
	{
	0.476593f, -0.757590f, -0.446000f, -0.566695f,
	0.091177f, -0.461992f, 0.882185f, 0.918928f,
	-0.874383f, -0.461108f, -0.151108f, -0.016763f
	},
	{
	0.476593f, -0.757590f, -0.446001f, -0.566695f,
	0.091178f, -0.461992f, 0.882185f, 0.918928f,
	-0.874383f, -0.461109f, -0.151107f, -0.016763f
	},
	{
	-0.996392f, -0.034680f, -0.077455f, 0.239104f,
	0.077495f, 0.000184f, -0.996993f, 0.996954f,
	0.034590f, -0.999398f, 0.002504f, -0.041799f
	},
	{
	-0.740294f, 0.667807f, -0.077455f, 0.433918f,
	0.055829f, -0.053745f, -0.996993f, 0.981802f,
	-0.669961f, -0.742392f, 0.002504f, -0.048562f
	},
	{
	-0.592398f, 0.653755f, -0.470817f, 0.567527f,
	-0.197544f, -0.684428f, -0.701808f, 0.971726f,
	-0.781051f, -0.322743f, 0.534600f, 0.072352f
	},
	{
	-0.592398f, 0.653755f, -0.470817f, 0.567527f,
	-0.197544f, -0.684428f, -0.701808f, 0.971726f,
	-0.781051f, -0.322743f, 0.534600f, 0.072352f
	},
	{
	0.055919f, 0.053637f, -0.996993f, -0.126387f,
	0.503568f, -0.863763f, -0.018226f, 0.626719f,
	-0.862144f, -0.501035f, -0.075311f, -0.027106f
	},
	{
	-0.062563f, 0.045714f, -0.996993f, -0.141358f,
	0.762764f, 0.646420f, -0.018226f, 0.491907f,
	0.643644f, -0.761611f, -0.075311f, 0.203700f
	},
	{
	0.045161f, 0.062964f, -0.996993f, -0.128749f,
	0.653115f, -0.757039f, -0.018226f, 0.338183f,
	-0.755911f, -0.650328f, -0.075311f, 0.073982f
	},
	{
	0.031752f, -0.009919f, -0.999447f, 0.126285f,
	0.968031f, -0.248622f, 0.033222f, 0.626719f,
	-0.248814f, -0.968550f, 0.001707f, -0.027131f
	},
	{
	0.029168f, 0.015995f, -0.999447f, 0.117784f,
	0.850504f, 0.524918f, 0.033222f, 0.367565f,
	0.525159f, -0.851002f, 0.001707f, 0.039480f
	},
	{
	0.025193f, -0.021724f, -0.999447f, 0.111906f,
	0.789421f, -0.612953f, 0.033222f, 0.196158f,
	-0.613335f, -0.789821f, 0.001707f, -0.066359f
	},
	{
	0.006020f, -0.122819f, -0.992411f, -0.000333f,
	-0.999653f, 0.024719f, -0.009123f, 1.054358f,
	0.025652f, 0.992121f, -0.122628f, -0.037961f
	},
	{
	0.000011f, 0.000095f, -1.000000f, -0.000049f,
	-0.993898f, 0.110306f, 0.000000f, 0.650619f,
	0.110306f, 0.993898f, 0.000096f, 0.000000f
	},
	{
	0.000027f, -0.372985f, -0.927837f, -0.000051f,
	-0.987133f, 0.148352f, -0.059665f, 0.853915f,
	0.159900f, 0.915901f, -0.368182f, -0.022562f
	},
	{
	0.689928f, 0.280134f, -0.667476f, -0.209321f,
	0.381480f, 0.642945f, 0.664150f, 1.034217f,
	0.615201f, -0.712844f, 0.336721f, -0.169830f
	},
	{
	0.691355f, -0.276595f, -0.667476f, -0.344216f,
	0.720709f, 0.198706f, 0.664150f, 0.959630f,
	-0.051069f, -0.940219f, 0.336721f, -0.290114f
	},
	{
	0.577170f, -0.520675f, -0.629105f, -0.468991f,
	0.650245f, -0.173017f, 0.739761f, 0.829557f,
	-0.494021f, -0.836040f, 0.238706f, -0.280897f
	},
	{
	0.577170f, -0.520674f, -0.629105f, -0.468991f,
	0.650245f, -0.173017f, 0.739761f, 0.829557f,
	-0.494020f, -0.836040f, 0.238706f, -0.280897f
	},
	{
	-0.934038f, 0.324127f, -0.150049f, 0.231647f,
	-0.043375f, -0.519927f, -0.853109f, 1.065543f,
	-0.354530f, -0.790328f, 0.499690f, 0.004673f
	},
	{
	-0.386172f, 0.910141f, -0.150049f, 0.414270f,
	-0.414692f, -0.316601f, -0.853109f, 1.074023f,
	-0.823955f, -0.267222f, 0.499690f, 0.073990f
	},
	{
	-0.276540f, 0.330789f, -0.902277f, 0.483966f,
	-0.754161f, -0.656620f, -0.009583f, 1.148867f,
	-0.595623f, 0.677812f, 0.431050f, 0.222698f
	},
	{
	-0.276540f, 0.330789f, -0.902278f, 0.483966f,
	-0.754161f, -0.656620f, -0.009583f, 1.148867f,
	-0.595623f, 0.677812f, 0.431050f, 0.222698f
	},
	{
	0.117700f, 0.083582f, -0.989525f, -0.126388f,
	0.029125f, -0.996314f, -0.080691f, 0.686830f,
	-0.992622f, -0.019322f, -0.119701f, -0.028218f
	},
	{
	-0.029898f, 0.141228f, -0.989525f, -0.157897f,
	0.925767f, -0.369384f, -0.080691f, 0.679033f,
	-0.376910f, -0.918483f, -0.119701f, 0.237519f
	},
	{
	0.141374f, 0.029199f, -0.989525f, -0.151872f,
	-0.373956f, -0.923930f, -0.080691f, 0.492457f,
	-0.916608f, 0.381447f, -0.119701f, 0.313480f
	},
	{
	0.029888f, -0.010065f, -0.999503f, 0.126285f,
	0.980184f, 0.196195f, 0.027334f, 0.686830f,
	0.195822f, -0.980513f, 0.015729f, -0.028242f
	},
	{
	0.025830f, 0.018094f, -0.999503f, 0.118283f,
	0.423377f, 0.905541f, 0.027335f, 0.424423f,
	0.905585f, -0.423872f, 0.015729f, -0.080666f
	},
	{
	0.028786f, -0.012883f, -0.999503f, 0.113078f,
	0.994473f, 0.101365f, 0.027335f, 0.339097f,
	0.100963f, -0.994766f, 0.015729f, -0.263174f
	},
	{
	0.014784f, -0.086434f, -0.996148f, -0.000058f,
	-0.992223f, 0.121871f, -0.025300f, 1.112243f,
	0.123589f, 0.988775f, -0.083960f, -0.064407f
	},
	{
	0.000012f, 0.000095f, -1.000000f, -0.000049f,
	-0.991530f, 0.129875f, 0.000000f, 0.620250f,
	0.129875f, 0.991530f, 0.000096f, 0.000000f
	},
	{
	-0.000787f, -0.494691f, -0.869068f, -0.000051f,
	-0.983217f, 0.158932f, -0.089577f, 0.823062f,
	0.182435f, 0.854413f, -0.486514f, -0.026565f
	},
	{
	0.559801f, 0.193426f, -0.805735f, -0.191531f,
	0.429713f, 0.763640f, 0.481873f, 0.995148f,
	0.708498f, -0.615987f, 0.344369f, -0.204644f
	},
	{
	0.544893f, -0.232127f, -0.805735f, -0.300983f,
	0.830974f, 0.277995f, 0.481873f, 0.911131f,
	0.112135f, -0.932114f, 0.344369f, -0.343170f
	},
	{
	0.517996f, -0.423854f, -0.742986f, -0.399326f,
	0.775711f, -0.133294f, 0.616852f, 0.761157f,
	-0.360490f, -0.895869f, 0.259743f, -0.363408f
	},
	{
	0.517996f, -0.423854f, -0.742986f, -0.399326f,
	0.775711f, -0.133293f, 0.616851f, 0.761157f,
	-0.360489f, -0.895869f, 0.259743f, -0.363408f
	},
	{
	-0.850802f, 0.473513f, -0.227863f, 0.221508f,
	-0.117250f, -0.593752f, -0.796060f, 1.040678f,
	-0.512239f, -0.650572f, 0.560685f, 0.026030f
	},
	{
	-0.045260f, 0.972641f, -0.227863f, 0.387857f,
	-0.566551f, -0.212859f, -0.796060f, 1.063603f,
	-0.822783f, 0.093066f, 0.560684f, 0.126183f
	},
	{
	-0.018650f, -0.040464f, -0.999007f, 0.396026f,
	-0.879957f, -0.473717f, 0.035615f, 1.165854f,
	-0.474687f, 0.879747f, -0.026772f, 0.274679f
	},
	{
	-0.018650f, -0.040464f, -0.999007f, 0.396026f,
	-0.879957f, -0.473717f, 0.035615f, 1.165854f,
	-0.474687f, 0.879747f, -0.026772f, 0.274678f
	},
	{
	0.115625f, 0.078475f, -0.990188f, -0.126388f,
	0.018575f, -0.996871f, -0.076836f, 0.655897f,
	-0.993119f, -0.009508f, -0.116721f, -0.028927f
	},
	{
	0.054406f, 0.128715f, -0.990188f, -0.157342f,
	0.557386f, -0.826690f, -0.076836f, 0.650925f,
	-0.828469f, -0.547737f, -0.116721f, 0.236943f
	},
	{
	0.135601f, -0.033760f, -0.990188f, -0.168307f,
	-0.730114f, -0.678991f, -0.076836f, 0.538591f,
	-0.669735f, 0.733369f, -0.116721f, 0.403910f
	},
	{
	0.029943f, -0.010055f, -0.999501f, 0.126284f,
	0.931446f, 0.363071f, 0.024252f, 0.655897f,
	0.362646f, -0.931707f, 0.020238f, -0.028951f
	},
	{
	0.014205f, 0.028212f, -0.999501f, 0.118268f,
	-0.227141f, 0.973560f, 0.024252f, 0.406538f,
	0.973758f, 0.226683f, 0.020238f, -0.126035f
	},
	{
	0.030809f, 0.006963f, -0.999501f, 0.115406f,
	0.607288f, 0.794112f, 0.024252f, 0.452315f,
	0.793884f, -0.607732f, 0.020238f, -0.322283f
	},
	{
	0.022566f, -0.054439f, -0.998262f, 0.000155f,
	-0.989512f, 0.141282f, -0.030073f, 1.080365f,
	0.142674f, 0.988471f, -0.050680f, -0.074307f
	},
	{
	0.000008f, 0.000095f, -1.000000f, -0.000049f,
	-0.996597f, 0.082424f, 0.000000f, 0.541736f,
	0.082424f, 0.996597f, 0.000096f, 0.000000f
	},
	{
	0.000291f, -0.421576f, -0.906793f, -0.000050f,
	-0.996534f, 0.075310f, -0.035332f, 0.745584f,
	0.083186f, 0.903660f, -0.420093f, -0.016859f
	},
	{
	0.757740f, 0.190095f, -0.624255f, -0.202911f,
	0.332231f, 0.710985f, 0.619776f, 0.935760f,
	0.561652f, -0.677026f, 0.475586f, -0.160634f
	},
	{
	0.698845f, -0.349171f, -0.624255f, -0.351064f,
	0.715123f, 0.323227f, 0.619777f, 0.870802f,
	-0.014632f, -0.879547f, 0.475586f, -0.270448f
	},
	{
	0.580793f, -0.467648f, -0.666322f, -0.477192f,
	0.659042f, -0.210364f, 0.722088f, 0.741737f,
	-0.477853f, -0.858518f, 0.186021f, -0.267807f
	},
	{
	0.580793f, -0.467648f, -0.666322f, -0.477192f,
	0.659042f, -0.210364f, 0.722087f, 0.741737f,
	-0.477852f, -0.858518f, 0.186022f, -0.267807f
	},
	{
	-0.881262f, 0.463849f, -0.090672f, 0.228054f,
	-0.054665f, -0.290594f, -0.955283f, 0.955549f,
	-0.469456f, -0.836898f, 0.281446f, 0.038771f
	},
	{
	0.228377f, 0.969341f, -0.090672f, 0.400358f,
	-0.295024f, -0.019849f, -0.955283f, 0.966237f,
	-0.927795f, 0.244915f, 0.281446f, 0.130559f
	},
	{
	0.287491f, -0.020921f, -0.957555f, 0.359141f,
	-0.666314f, -0.722545f, -0.184264f, 1.019483f,
	-0.688022f, 0.691007f, -0.221665f, 0.298008f
	},
	{
	0.287491f, -0.020921f, -0.957555f, 0.359141f,
	-0.666314f, -0.722545f, -0.184265f, 1.019483f,
	-0.688022f, 0.691007f, -0.221665f, 0.298008f
	},
	{
	0.068010f, 0.078573f, -0.994586f, -0.126387f,
	0.549718f, -0.834869f, -0.028365f, 0.578723f,
	-0.832578f, -0.544812f, -0.099972f, -0.027193f
	},
	{
	-0.025250f, 0.100804f, -0.994586f, -0.144595f,
	0.999159f, -0.029591f, -0.028366f, 0.431557f,
	-0.032290f, -0.994466f, -0.099972f, 0.195698f
	},
	{
	0.101626f, 0.021709f, -0.994586f, -0.139506f,
	-0.064519f, -0.997513f, -0.028366f, 0.230190f,
	-0.992728f, 0.067053f, -0.099972f, 0.202206f
	},
	{
	0.029904f, -0.010062f, -0.999502f, 0.126285f,
	0.998746f, -0.039866f, 0.030283f, 0.578723f,
	-0.040151f, -0.999154f, 0.008857f, -0.027217f
	},
	{
	0.008590f, 0.030360f, -0.999502f, 0.118279f,
	-0.008926f, 0.999502f, 0.030283f, 0.311347f,
	0.999923f, 0.008661f, 0.008857f, -0.016468f
	},
	{
	0.030903f, -0.006366f, -0.999502f, 0.116548f,
	0.996222f, 0.081391f, 0.030283f, 0.313146f,
	0.081157f, -0.996662f, 0.008857f, -0.217989f
	},
	{
	0.030595f, -0.064562f, -0.997445f, -0.000127f,
	-0.999372f, 0.015883f, -0.031682f, 1.006371f,
	0.017888f, 0.997787f, -0.064035f, -0.038629f
	},
	{
	0.000007f, 0.000096f, -1.000000f, -0.000049f,
	-0.997626f, 0.068858f, 0.000000f, 0.514996f,
	0.068858f, 0.997626f, 0.000096f, 0.000000f
	},
	{
	0.000735f, -0.183314f, -0.983054f, -0.000050f,
	-0.999227f, 0.038499f, -0.007927f, 0.719055f,
	0.039300f, 0.982300f, -0.183144f, -0.014084f
	},
	{
	0.970869f, 0.113110f, -0.211233f, -0.228289f,
	0.133586f, 0.476337f, 0.869056f, 0.917393f,
	0.198917f, -0.871957f, 0.447351f, -0.095073f
	},
	{
	0.822449f, -0.528165f, -0.211233f, -0.418114f,
	0.405341f, 0.283621f, 0.869056f, 0.891275f,
	-0.399094f, -0.800375f, 0.447351f, -0.133965f
	},
	{
	0.538266f, -0.630363f, -0.559386f, -0.566549f,
	0.323085f, -0.458692f, 0.827779f, 0.818119f,
	-0.778387f, -0.626294f, -0.043237f, -0.061937f
	},
	{
	0.538266f, -0.630362f, -0.559386f, -0.566549f,
	0.323086f, -0.458692f, 0.827779f, 0.818119f,
	-0.778386f, -0.626295f, -0.043237f, -0.061937f
	},
	{
	-0.970913f, 0.236315f, 0.038509f, 0.238919f,
	-0.000863f, 0.157378f, -0.987538f, 0.924166f,
	-0.239431f, -0.958847f, -0.152597f, -0.008149f
	},
	{
	-0.196916f, 0.979664f, 0.038509f, 0.428751f,
	0.142216f, 0.067404f, -0.987538f, 0.924335f,
	-0.970051f, -0.188985f, -0.152597f, 0.038664f
	},
	{
	-0.040826f, 0.378638f, -0.924644f, 0.464291f,
	-0.216631f, -0.906757f, -0.361749f, 0.898668f,
	-0.975400f, 0.185538f, 0.119044f, 0.213739f
	},
	{
	-0.040826f, 0.378638f, -0.924644f, 0.464291f,
	-0.216631f, -0.906757f, -0.361749f, 0.898668f,
	-0.975400f, 0.185538f, 0.119044f, 0.213739f
	},
	{
	0.030120f, 0.079540f, -0.996377f, -0.126387f,
	0.904397f, -0.426639f, -0.006719f, 0.552350f,
	-0.425628f, -0.900918f, -0.084786f, -0.026687f
	},
	{
	-0.053154f, 0.066397f, -0.996376f, -0.134451f,
	0.827412f, 0.561555f, -0.006719f, 0.310232f,
	0.559074f, -0.824771f, -0.084786f, 0.087258f
	},
	{
	0.072782f, 0.044007f, -0.996376f, -0.123739f,
	0.448445f, -0.893785f, -0.006719f, 0.143479f,
	-0.890842f, -0.446331f, -0.084786f, -0.025415f
	},
	{
	0.029858f, -0.010048f, -0.999504f, 0.126285f,
	0.850487f, -0.525100f, 0.030685f, 0.552350f,
	-0.525148f, -0.850981f, -0.007133f, -0.026711f
	},
	{
	0.004424f, 0.031191f, -0.999504f, 0.118291f,
	0.360892f, 0.932103f, 0.030685f, 0.324665f,
	0.932598f, -0.360849f, -0.007133f, 0.113877f
	},
	{
	0.026768f, -0.016612f, -0.999504f, 0.117400f,
	0.707807f, -0.705739f, 0.030685f, 0.251932f,
	-0.705898f, -0.708277f, -0.007133f, -0.074075f
	},
	{
	0.013511f, -0.099104f, -0.994985f, -0.000243f,
	-0.999490f, -0.030142f, -0.010570f, 0.980548f,
	-0.028944f, 0.994620f, -0.099461f, -0.024369f
	},
	{
	0.000008f, 0.000095f, -1.000000f, -0.000049f,
	-0.996098f, 0.088257f, 0.000000f, 0.598223f,
	0.088257f, 0.996098f, 0.000096f, 0.000000f
	},
	{
	-0.000216f, 0.142874f, -0.989741f, -0.000051f,
	-0.997107f, 0.075192f, 0.011072f, 0.801969f,
	0.076003f, 0.986880f, 0.142444f, -0.018052f
	},
	{
	0.986757f, -0.085605f, 0.137776f, -0.239499f,
	-0.133693f, 0.051755f, 0.989670f, 1.003291f,
	-0.091852f, -0.994984f, 0.039625f, -0.029206f
	},
	{
	0.721603f, -0.678460f, 0.137776f, -0.432430f,
	-0.072892f, 0.123447f, 0.989671f, 1.029431f,
	-0.688459f, -0.724192f, 0.039625f, -0.011247f
	},
	{
	0.323004f, -0.702782f, -0.633851f, -0.562664f,
	-0.182730f, -0.703460f, 0.686843f, 1.042586f,
	-0.928589f, -0.106030f, -0.355640f, 0.113006f
	},
	{
	0.323004f, -0.702781f, -0.633851f, -0.562664f,
	-0.182729f, -0.703460f, 0.686843f, 1.042586f,
	-0.928590f, -0.106030f, -0.355639f, 0.113006f
	},
	{
	-0.994376f, -0.064793f, -0.083770f, 0.230890f,
	0.035102f, 0.544644f, -0.837932f, 1.001028f,
	0.099917f, -0.836160f, -0.539307f, -0.097133f
	},
	{
	-0.685074f, 0.723641f, -0.083770f, 0.425310f,
	0.441450f, 0.320922f, -0.837932f, 0.994165f,
	-0.579478f, -0.611026f, -0.539307f, -0.116669f
	},
	{
	-0.573458f, 0.452076f, -0.683209f, 0.548953f,
	0.216554f, -0.720646f, -0.658614f, 0.914492f,
	-0.790095f, -0.525639f, 0.315361f, -0.012084f
	},
	{
	-0.573458f, 0.452076f, -0.683209f, 0.548953f,
	0.216554f, -0.720646f, -0.658615f, 0.914492f,
	-0.790095f, -0.525639f, 0.315362f, -0.012084f
	},
	{
	0.028005f, 0.080858f, -0.996332f, -0.126387f,
	0.999560f, -0.011969f, 0.027124f, 0.635050f,
	-0.009731f, -0.996654f, -0.081157f, -0.027409f
	},
	{
	-0.050895f, 0.068789f, -0.996332f, -0.133885f,
	0.574596f, 0.817987f, 0.027124f, 0.367456f,
	0.816853f, -0.571108f, -0.081157f, -0.024804f
	},
	{
	0.042987f, 0.073989f, -0.996332f, -0.123628f,
	0.978724f, -0.203380f, 0.027124f, 0.251654f,
	-0.200627f, -0.976300f, -0.081157f, -0.189429f
	},
	{
	0.029828f, -0.010018f, -0.999505f, 0.126285f,
	0.541691f, -0.840218f, 0.024587f, 0.635050f,
	-0.840048f, -0.542156f, -0.019635f, -0.027433f
	},
	{
	0.002540f, 0.031363f, -0.999505f, 0.118299f,
	0.685048f, 0.728083f, 0.024587f, 0.490033f,
	0.728494f, -0.684771f, -0.019635f, 0.197458f
	},
	{
	0.031144f, -0.004488f, -0.999505f, 0.117787f,
	0.684030f, -0.729039f, 0.024587f, 0.351972f,
	-0.728788f, -0.684457f, -0.019635f, 0.050640f
	},
	{
	-0.007539f, -0.121923f, -0.992511f, 0.000006f,
	-0.999631f, 0.026808f, 0.004299f, 1.062907f,
	0.026083f, 0.992177f, -0.122080f, -0.037942f
	},
	{
	0.000011f, 0.000095f, -1.000000f, -0.000049f,
	-0.993860f, 0.110646f, 0.000000f, 0.652720f,
	0.110646f, 0.993860f, 0.000096f, 0.000000f
	},
	{
	-0.000610f, 0.448998f, -0.893533f, -0.000051f,
	-0.990823f, 0.120504f, 0.061230f, 0.856008f,
	0.135167f, 0.885370f, 0.444804f, -0.022632f
	},
	{
	0.935801f, -0.297464f, 0.189186f, -0.225766f,
	-0.290092f, -0.344851f, 0.892707f, 1.066620f,
	-0.200308f, -0.890277f, -0.409003f, 0.029195f
	},
	{
	0.561348f, -0.805666f, 0.189186f, -0.408734f,
	-0.440076f, -0.096998f, 0.892707f, 1.123339f,
	-0.700873f, -0.584375f, -0.409004f, 0.068359f
	},
	{
	0.119164f, -0.527954f, -0.840871f, -0.510046f,
	-0.578434f, -0.725255f, 0.373390f, 1.202763f,
	-0.806979f, 0.441894f, -0.391811f, 0.194853f
	},
	{
	0.119164f, -0.527954f, -0.840871f, -0.510046f,
	-0.578433f, -0.725255f, 0.373390f, 1.202764f,
	-0.806979f, 0.441893f, -0.391810f, 0.194853f
	},
	{
	-0.903006f, -0.203601f, -0.378321f, 0.198900f,
	0.087515f, 0.774945f, -0.625940f, 1.040500f,
	0.420620f, -0.598337f, -0.681961f, -0.182611f
	},
	{
	-0.842904f, 0.382604f, -0.378321f, 0.375456f,
	0.537450f, 0.565107f, -0.625940f, 1.023389f,
	-0.025695f, -0.730937f, -0.681961f, -0.264850f
	},
	{
	-0.843307f, 0.133434f, -0.520604f, 0.527583f,
	0.451930f, -0.348168f, -0.821303f, 0.926390f,
	-0.290848f, -0.927887f, 0.233310f, -0.260213f
	},
	{
	-0.843307f, 0.133434f, -0.520604f, 0.527583f,
	0.451930f, -0.348168f, -0.821303f, 0.926390f,
	-0.290848f, -0.927887f, 0.233309f, -0.260213f
	},
	{
	0.030524f, 0.041904f, -0.998655f, -0.126388f,
	0.952394f, 0.301993f, 0.041782f, 0.688922f,
	0.303338f, -0.952389f, -0.030691f, -0.028231f
	},
	{
	-0.024370f, 0.045758f, -0.998655f, -0.134559f,
	0.144175f, 0.988670f, 0.041782f, 0.433954f,
	0.989252f, -0.142963f, -0.030691f, -0.109438f
	},
	{
	0.020323f, 0.047693f, -0.998655f, -0.129648f,
	0.860127f, 0.508365f, 0.041782f, 0.404898f,
	0.509674f, -0.859820f, -0.030691f, -0.308808f
	},
	{
	0.029813f, -0.009977f, -0.999506f, 0.126284f,
	0.110383f, -0.993801f, 0.013212f, 0.688922f,
	-0.993442f, -0.110722f, -0.028527f, -0.028255f
	},
	{
	0.019773f, 0.024442f, -0.999506f, 0.118303f,
	0.969655f, -0.244122f, 0.013212f, 0.659371f,
	-0.243679f, -0.969436f, -0.028527f, 0.237701f
	},
	{
	0.026033f, -0.017625f, -0.999506f, 0.114318f,
	-0.160880f, -0.986886f, 0.013212f, 0.463950f,
	-0.986631f, 0.160456f, -0.028527f, 0.286811f
	},
	{
	-0.018801f, -0.097909f, -0.995018f, 0.000109f,
	-0.994878f, 0.100686f, 0.008891f, 1.115302f,
	0.099314f, 0.990089f, -0.099301f, -0.058004f
	},
};

