#include "game/component/Animator.h"
#include "game/resource/animation.h"

// 17 bones
AnimationMatrix const mario_animation_idle_right[] = { // 29 frames
	{
	-0.000002f, 0.000096f, -1.000000f, -0.000049f,
	-0.999873f, -0.015914f, 0.000000f, 0.514368f,
	-0.015914f, 0.999873f, 0.000096f, -0.003008f
	},
	{
	-0.000021f, 0.000093f, -1.000000f, -0.000049f,
	-0.974812f, -0.223028f, 0.000000f, 0.718886f,
	-0.223028f, 0.974812f, 0.000096f, 0.000247f
	},
	{
	0.893055f, 0.055568f, -0.446503f, -0.237679f,
	0.321852f, 0.614565f, 0.720223f, 0.922054f,
	0.314426f, -0.786906f, 0.530956f, 0.015896f
	},
	{
	0.276043f, -0.851138f, -0.446503f, -0.412289f,
	0.675322f, -0.158803f, 0.720223f, 0.859126f,
	-0.683915f, -0.500346f, 0.530956f, -0.045581f
	},
	{
	-0.053307f, -0.885997f, -0.460617f, -0.462109f,
	0.415325f, -0.439154f, 0.796648f, 0.737244f,
	-0.908109f, -0.148839f, 0.391387f, 0.077852f
	},
	{
	-0.053307f, -0.885997f, -0.460617f, -0.462109f,
	0.415326f, -0.439154f, 0.796648f, 0.737244f,
	-0.908109f, -0.148839f, 0.391388f, 0.077852f
	},
	{
	-0.879095f, -0.063789f, -0.472358f, 0.237585f,
	0.397501f, 0.448756f, -0.800382f, 0.924986f,
	0.263029f, -0.891375f, -0.369143f, 0.016521f
	},
	{
	-0.231540f, 0.850451f, -0.472358f, 0.409466f,
	0.516781f, -0.303852f, -0.800382f, 0.847267f,
	-0.824212f, -0.429426f, -0.369143f, -0.034906f
	},
	{
	0.001307f, 0.881406f, -0.472358f, 0.451254f,
	0.418175f, -0.429557f, -0.800382f, 0.753999f,
	-0.908365f, -0.196482f, -0.369143f, 0.113848f
	},
	{
	0.001307f, 0.881406f, -0.472358f, 0.451255f,
	0.418175f, -0.429556f, -0.800382f, 0.753999f,
	-0.908365f, -0.196482f, -0.369143f, 0.113848f
	},
	{
	0.467905f, 0.754310f, -0.460522f, -0.126387f,
	0.854948f, -0.518341f, 0.019639f, 0.553850f,
	-0.223894f, -0.402912f, -0.887431f, -0.026434f
	},
	{
	-0.315794f, 0.829574f, -0.460522f, -0.251651f,
	0.930722f, 0.365200f, 0.019639f, 0.324970f,
	0.184474f, -0.422416f, -0.887431f, 0.033505f
	},
	{
	0.836237f, 0.298047f, -0.460299f, -0.188007f,
	0.345037f, -0.938392f, 0.019222f, 0.137396f,
	-0.426212f, -0.174894f, -0.887555f, -0.003673f
	},
	{
	-0.412894f, -0.559994f, -0.718280f, 0.126285f,
	0.804974f, -0.593310f, -0.000165f, 0.553850f,
	-0.426070f, -0.578265f, 0.695754f, -0.026459f
	},
	{
	0.079751f, -0.691168f, -0.718280f, 0.236821f,
	0.993389f, 0.114794f, -0.000165f, 0.338349f,
	0.082569f, -0.713518f, 0.695754f, 0.087605f
	},
	{
	-0.638673f, -0.240525f, -0.730920f, 0.220749f,
	0.345296f, -0.938467f, 0.007105f, 0.138145f,
	-0.687653f, -0.247846f, 0.682426f, 0.070965f
	},
	{
	0.002947f, -0.804461f, -0.593998f, -0.000043f,
	-0.964358f, -0.159451f, 0.211163f, 0.973990f,
	-0.264586f, 0.572205f, -0.776258f, 0.058613f
	},
	{
	-0.000002f, 0.000096f, -1.000000f, -0.000049f,
	-0.999839f, -0.017924f, 0.000000f, 0.512864f,
	-0.017924f, 0.999839f, 0.000096f, -0.003008f
	},
	{
	-0.000022f, 0.000093f, -1.000000f, -0.000048f,
	-0.974361f, -0.224988f, 0.000000f, 0.717375f,
	-0.224988f, 0.974361f, 0.000096f, 0.000659f
	},
	{
	0.886902f, 0.063592f, -0.457560f, -0.237679f,
	0.323458f, 0.621672f, 0.713371f, 0.920511f,
	0.329817f, -0.780691f, 0.530793f, 0.016716f
	},
	{
	0.277812f, -0.844666f, -0.457560f, -0.411086f,
	0.681756f, -0.162206f, 0.713371f, 0.857269f,
	-0.676778f, -0.510127f, 0.530793f, -0.047770f
	},
	{
	-0.052976f, -0.880639f, -0.470817f, -0.461226f,
	0.417801f, -0.447776f, 0.790531f, 0.734226f,
	-0.906993f, -0.154828f, 0.391653f, 0.074375f
	},
	{
	-0.052976f, -0.880639f, -0.470817f, -0.461226f,
	0.417801f, -0.447775f, 0.790531f, 0.734226f,
	-0.906992f, -0.154829f, 0.391654f, 0.074375f
	},
	{
	-0.876047f, -0.072331f, -0.476770f, 0.237585f,
	0.395430f, 0.458124f, -0.796089f, 0.923442f,
	0.276002f, -0.885940f, -0.372737f, 0.017347f
	},
	{
	-0.240583f, 0.845464f, -0.476770f, 0.408870f,
	0.526018f, -0.299244f, -0.796089f, 0.846128f,
	-0.815735f, -0.442316f, -0.372737f, -0.036617f
	},
	{
	0.004645f, 0.879016f, -0.476771f, 0.452291f,
	0.421746f, -0.434020f, -0.796089f, 0.751192f,
	-0.906702f, -0.197378f, -0.372737f, 0.110607f
	},
	{
	0.004645f, 0.879016f, -0.476771f, 0.452291f,
	0.421746f, -0.434020f, -0.796089f, 0.751192f,
	-0.906702f, -0.197378f, -0.372737f, 0.110607f
	},
	{
	0.474911f, 0.749667f, -0.460934f, -0.126387f,
	0.850415f, -0.525684f, 0.021224f, 0.552393f,
	-0.226395f, -0.402064f, -0.887180f, -0.026355f
	},
	{
	-0.324146f, 0.826117f, -0.460934f, -0.253526f,
	0.926612f, 0.375419f, 0.021224f, 0.324727f,
	0.190577f, -0.420227f, -0.887181f, 0.034254f
	},
	{
	0.836544f, 0.297887f, -0.459845f, -0.188199f,
	0.344814f, -0.938471f, 0.019341f, 0.137981f,
	-0.425790f, -0.174741f, -0.887788f, -0.004154f
	},
	{
	-0.418902f, -0.554837f, -0.718802f, 0.126285f,
	0.798984f, -0.601350f, -0.001452f, 0.552393f,
	-0.431446f, -0.574920f, 0.695213f, -0.026379f
	},
	{
	0.088375f, -0.689574f, -0.718802f, 0.238430f,
	0.991694f, 0.128609f, -0.001452f, 0.338495f,
	0.093446f, -0.712704f, 0.695213f, 0.089124f
	},
	{
	-0.638984f, -0.240645f, -0.730609f, 0.220619f,
	0.344864f, -0.938622f, 0.007545f, 0.138633f,
	-0.687582f, -0.247140f, 0.682754f, 0.070291f
	},
	{
	0.006711f, -0.760001f, -0.649888f, -0.000043f,
	-0.968209f, -0.167453f, 0.185826f, 0.972362f,
	-0.250054f, 0.627980f, -0.736963f, 0.059537f
	},
	{
	-0.000002f, 0.000096f, -1.000000f, -0.000049f,
	-0.999794f, -0.020267f, 0.000000f, 0.508352f,
	-0.020267f, 0.999794f, 0.000096f, -0.003008f
	},
	{
	-0.000022f, 0.000093f, -1.000000f, -0.000048f,
	-0.973832f, -0.227269f, 0.000000f, 0.712854f,
	-0.227269f, 0.973832f, 0.000096f, 0.001138f
	},
	{
	0.878354f, 0.075141f, -0.472067f, -0.237679f,
	0.324666f, 0.631045f, 0.704538f, 0.915952f,
	0.350836f, -0.772098f, 0.529885f, 0.017671f
	},
	{
	0.281045f, -0.835564f, -0.472067f, -0.409415f,
	0.689987f, -0.165963f, 0.704538f, 0.852473f,
	-0.667032f, -0.523727f, 0.529885f, -0.050925f
	},
	{
	-0.051480f, -0.873533f, -0.484035f, -0.460138f,
	0.420878f, -0.458511f, 0.782706f, 0.727945f,
	-0.905655f, -0.163426f, 0.391255f, 0.069461f
	},
	{
	-0.051480f, -0.873533f, -0.484035f, -0.460138f,
	0.420879f, -0.458510f, 0.782706f, 0.727945f,
	-0.905655f, -0.163427f, 0.391255f, 0.069461f
	},
	{
	-0.871995f, -0.084506f, -0.482166f, 0.237585f,
	0.391636f, 0.470495f, -0.790731f, 0.918881f,
	0.293678f, -0.878347f, -0.377174f, 0.018309f
	},
	{
	-0.253103f, 0.838722f, -0.482166f, 0.408078f,
	0.537895f, -0.292255f, -0.790731f, 0.842309f,
	-0.804119f, -0.459491f, -0.377174f, -0.039111f
	},
	{
	0.008821f, 0.876035f, -0.482166f, 0.453758f,
	0.426121f, -0.439506f, -0.790731f, 0.745230f,
	-0.904623f, -0.198486f, -0.377174f, 0.106016f
	},
	{
	0.008821f, 0.876035f, -0.482166f, 0.453758f,
	0.426121f, -0.439506f, -0.790731f, 0.745230f,
	-0.904623f, -0.198486f, -0.377174f, 0.106016f
	},
	{
	0.484528f, 0.743319f, -0.461204f, -0.126387f,
	0.844035f, -0.535786f, 0.023197f, 0.547935f,
	-0.229864f, -0.400512f, -0.886990f, -0.026262f
	},
	{
	-0.335222f, 0.821533f, -0.461204f, -0.256101f,
	0.921014f, 0.388837f, 0.023197f, 0.321977f,
	0.198391f, -0.417000f, -0.886990f, 0.035275f
	},
	{
	0.837196f, 0.297395f, -0.458977f, -0.188542f,
	0.344031f, -0.938761f, 0.019258f, 0.136360f,
	-0.425142f, -0.174025f, -0.888239f, -0.004708f
	},
	{
	-0.427136f, -0.547912f, -0.719268f, 0.126285f,
	0.790562f, -0.612375f, -0.002989f, 0.547935f,
	-0.438824f, -0.569903f, 0.694726f, -0.026286f
	},
	{
	0.099806f, -0.687526f, -0.719268f, 0.240634f,
	0.989173f, 0.146723f, -0.002989f, 0.336293f,
	0.107589f, -0.711183f, 0.694726f, 0.091192f
	},
	{
	-0.639696f, -0.240628f, -0.729991f, 0.220520f,
	0.343689f, -0.939046f, 0.008363f, 0.136939f,
	-0.687508f, -0.245540f, 0.683405f, 0.069509f
	},
	{
	0.011168f, -0.703189f, -0.710915f, -0.000043f,
	-0.972628f, -0.172662f, 0.155506f, 0.967702f,
	-0.232098f, 0.689719f, -0.685870f, 0.060613f
	},
	{
	-0.000002f, 0.000096f, -1.000000f, -0.000049f,
	-0.999738f, -0.022872f, 0.000000f, 0.505344f,
	-0.022872f, 0.999738f, 0.000096f, 0.000000f
	},
	{
	-0.000022f, 0.000093f, -1.000000f, -0.000048f,
	-0.973236f, -0.229807f, 0.000000f, 0.709834f,
	-0.229807f, 0.973236f, 0.000096f, 0.004679f
	},
	{
	0.867566f, 0.089675f, -0.489170f, -0.237679f,
	0.325018f, 0.642252f, 0.694172f, 0.912889f,
	0.376421f, -0.761229f, 0.528050f, 0.021741f
	},
	{
	0.285634f, -0.824091f, -0.489170f, -0.407305f,
	0.699546f, -0.169586f, 0.694172f, 0.849342f,
	-0.655018f, -0.540476f, 0.528050f, -0.051857f
	},
	{
	-0.048725f, -0.864966f, -0.499460f, -0.458857f,
	0.424394f, -0.470598f, 0.773581f, 0.723087f,
	-0.904165f, -0.174275f, 0.390016f, 0.066361f
	},
	{
	-0.048725f, -0.864966f, -0.499460f, -0.458856f,
	0.424395f, -0.470598f, 0.773580f, 0.723087f,
	-0.904165f, -0.174275f, 0.390017f, 0.066361f
	},
	{
	-0.866969f, -0.099628f, -0.488303f, 0.237585f,
	0.386114f, 0.485207f, -0.784532f, 0.915816f,
	0.315089f, -0.868705f, -0.382191f, 0.022386f
	},
	{
	-0.268392f, 0.830377f, -0.488303f, 0.407095f,
	0.551736f, -0.283013f, -0.784532f, 0.840323f,
	-0.789653f, -0.479976f, -0.382191f, -0.039220f
	},
	{
	0.013607f, 0.872568f, -0.488303f, 0.455535f,
	0.431056f, -0.445758f, -0.784532f, 0.740746f,
	-0.902223f, -0.199811f, -0.382191f, 0.103297f
	},
	{
	0.013607f, 0.872568f, -0.488303f, 0.455535f,
	0.431056f, -0.445758f, -0.784532f, 0.740746f,
	-0.902223f, -0.199811f, -0.382191f, 0.103297f
	},
	{
	0.496192f, 0.735492f, -0.461351f, -0.126387f,
	0.836056f, -0.548051f, 0.025485f, 0.544988f,
	-0.234100f, -0.398361f, -0.886851f, -0.023151f
	},
	{
	-0.348523f, 0.815896f, -0.461351f, -0.259224f,
	0.914027f, 0.404852f, 0.025485f, 0.321165f,
	0.207572f, -0.412805f, -0.886851f, 0.039520f
	},
	{
	0.838118f, 0.296691f, -0.457747f, -0.188984f,
	0.342860f, -0.939194f, 0.019021f, 0.136956f,
	-0.424270f, -0.172885f, -0.888879f, -0.002313f
	},
	{
	-0.437100f, -0.539462f, -0.719670f, 0.126285f,
	0.780038f, -0.625714f, -0.004733f, 0.544988f,
	-0.447754f, -0.563439f, 0.694300f, -0.023175f
	},
	{
	0.113587f, -0.684962f, -0.719670f, 0.243302f,
	0.985702f, 0.168431f, -0.004733f, 0.336162f,
	0.124457f, -0.708842f, 0.694300f, 0.096694f
	},
	{
	-0.640741f, -0.240588f, -0.729087f, 0.220410f,
	0.342039f, -0.939638f, 0.009473f, 0.137508f,
	-0.687357f, -0.243306f, 0.684355f, 0.071611f
	},
	{
	0.016142f, -0.632915f, -0.774053f, -0.000043f,
	-0.977346f, -0.173381f, 0.121386f, 0.964527f,
	-0.211033f, 0.754557f, -0.621376f, 0.064818f
	},
	{
	-0.000002f, 0.000096f, -1.000000f, -0.000049f,
	-0.999670f, -0.025673f, 0.000000f, 0.499328f,
	-0.025673f, 0.999670f, 0.000096f, 0.000000f
	},
	{
	-0.000022f, 0.000093f, -1.000000f, -0.000048f,
	-0.972589f, -0.232532f, 0.000000f, 0.703804f,
	-0.232532f, 0.972588f, 0.000096f, 0.005251f
	},
	{
	0.854720f, 0.106659f, -0.508014f, -0.237679f,
	0.324082f, 0.654849f, 0.682747f, 0.906811f,
	0.405493f, -0.748195f, 0.525146f, 0.022882f
	},
	{
	0.291481f, -0.810531f, -0.508014f, -0.404794f,
	0.709975f, -0.172603f, 0.682747f, 0.843446f,
	-0.641072f, -0.559685f, 0.525146f, -0.056400f
	},
	{
	-0.044627f, -0.855256f, -0.516280f, -0.457400f,
	0.428215f, -0.483287f, 0.763587f, 0.715310f,
	-0.902574f, -0.187002f, 0.387801f, 0.059301f
	},
	{
	-0.044627f, -0.855256f, -0.516280f, -0.457400f,
	0.428215f, -0.483287f, 0.763587f, 0.715310f,
	-0.902574f, -0.187003f, 0.387802f, 0.059301f
	},
	{
	-0.861017f, -0.117012f, -0.494932f, 0.237585f,
	0.378887f, 0.501588f, -0.777724f, 0.909736f,
	0.339255f, -0.857156f, -0.387542f, 0.023536f
	},
	{
	-0.285748f, 0.820604f, -0.494932f, 0.405932f,
	0.566866f, -0.271677f, -0.777724f, 0.835656f,
	-0.772664f, -0.502793f, -0.387542f, -0.042795f
	},
	{
	0.018776f, 0.868729f, -0.494932f, 0.457504f,
	0.436322f, -0.452514f, -0.777724f, 0.733348f,
	-0.899595f, -0.201347f, -0.387542f, 0.096656f
	},
	{
	0.018776f, 0.868729f, -0.494932f, 0.457504f,
	0.436322f, -0.452514f, -0.777724f, 0.733348f,
	-0.899595f, -0.201347f, -0.387542f, 0.096656f
	},
	{
	0.509343f, 0.726422f, -0.461390f, -0.126387f,
	0.826738f, -0.561889f, 0.028013f, 0.539037f,
	-0.238901f, -0.395717f, -0.886755f, -0.023040f
	},
	{
	-0.363552f, 0.809289f, -0.461390f, -0.262744f,
	0.905762f, 0.422860f, 0.028013f, 0.317709f,
	0.217774f, -0.407726f, -0.886755f, 0.040917f
	},
	{
	0.839234f, 0.295900f, -0.456211f, -0.189476f,
	0.341477f, -0.939705f, 0.018676f, 0.135165f,
	-0.423178f, -0.171459f, -0.889675f, -0.002972f
	},
	{
	-0.448300f, -0.529746f, -0.719997f, 0.126285f,
	0.767761f, -0.640701f, -0.006637f, 0.539037f,
	-0.457787f, -0.555761f, 0.693945f, -0.023064f
	},
	{
	0.129263f, -0.681832f, -0.719997f, 0.246300f,
	0.981172f, 0.193021f, -0.006637f, 0.333498f,
	0.143500f, -0.705583f, 0.693945f, 0.099491f
	},
	{
	-0.642047f, -0.240639f, -0.727921f, 0.220249f,
	0.340186f, -0.940296f, 0.010793f, 0.135756f,
	-0.687058f, -0.240699f, 0.685576f, 0.070571f
	},
	{
	0.021490f, -0.548262f, -0.836030f, -0.000043f,
	-0.982116f, -0.168023f, 0.084943f, 0.958327f,
	-0.187044f, 0.819253f, -0.542068f, 0.066104f
	},
	{
	-0.000003f, 0.000096f, -1.000000f, -0.000049f,
	-0.999591f, -0.028600f, 0.000000f, 0.493312f,
	-0.028600f, 0.999591f, 0.000096f, 0.000000f
	},
	{
	-0.000023f, 0.000093f, -1.000000f, -0.000048f,
	-0.971903f, -0.235379f, 0.000000f, 0.697772f,
	-0.235379f, 0.971903f, 0.000096f, 0.005850f
	},
	{
	0.840063f, 0.125577f, -0.527754f, -0.237679f,
	0.321484f, 0.668373f, 0.670765f, 0.900726f,
	0.436969f, -0.733149f, 0.521105f, 0.024076f
	},
	{
	0.298511f, -0.795215f, -0.527754f, -0.401928f,
	0.720832f, -0.174572f, 0.670765f, 0.837869f,
	-0.625534f, -0.580652f, 0.521105f, -0.061361f
	},
	{
	-0.039119f, -0.844772f, -0.533695f, -0.455803f,
	0.432247f, -0.495852f, 0.753188f, 0.707774f,
	-0.900906f, -0.201224f, 0.384548f, 0.051536f
	},
	{
	-0.039119f, -0.844772f, -0.533695f, -0.455803f,
	0.432248f, -0.495852f, 0.753188f, 0.707774f,
	-0.900905f, -0.201225f, 0.384548f, 0.051536f
	},
	{
	-0.854230f, -0.135982f, -0.501797f, 0.237586f,
	0.370027f, 0.518975f, -0.770548f, 0.903649f,
	0.365201f, -0.843904f, -0.393007f, 0.024738f
	},
	{
	-0.304491f, 0.809620f, -0.501797f, 0.404605f,
	0.582626f, -0.258461f, -0.770548f, 0.831302f,
	-0.753546f, -0.526985f, -0.393007f, -0.046666f
	},
	{
	0.024108f, 0.864649f, -0.501798f, 0.459559f,
	0.441716f, -0.459502f, -0.770549f, 0.726149f,
	-0.896831f, -0.203076f, -0.393007f, 0.089334f
	},
	{
	0.024108f, 0.864649f, -0.501798f, 0.459559f,
	0.441716f, -0.459502f, -0.770549f, 0.726149f,
	-0.896831f, -0.203076f, -0.393007f, 0.089334f
	},
	{
	0.523430f, 0.716371f, -0.461339f, -0.126387f,
	0.816365f, -0.576719f, 0.030705f, 0.533088f,
	-0.244067f, -0.392693f, -0.886692f, -0.022923f
	},
	{
	-0.379813f, 0.801816f, -0.461339f, -0.266516f,
	0.896359f, 0.442264f, 0.030705f, 0.314537f,
	0.228653f, -0.401863f, -0.886692f, 0.042416f
	},
	{
	0.840466f, 0.295147f, -0.454428f, -0.189970f,
	0.340056f, -0.940228f, 0.018266f, 0.133889f,
	-0.421875f, -0.169883f, -0.890596f, -0.003666f
	},
	{
	-0.460261f, -0.519049f, -0.720242f, 0.126285f,
	0.754111f, -0.656689f, -0.008655f, 0.533088f,
	-0.468482f, -0.547126f, 0.693669f, -0.022948f
	},
	{
	0.146384f, -0.678103f, -0.720242f, 0.249502f,
	0.975511f, 0.219780f, -0.008655f, 0.331203f,
	0.164164f, -0.701336f, 0.693669f, 0.102471f
	},
	{
	-0.643534f, -0.240907f, -0.726517f, 0.220001f,
	0.338413f, -0.940918f, 0.012242f, 0.134603f,
	-0.686543f, -0.237985f, 0.687038f, 0.069386f
	},
	{
	0.027114f, -0.448591f, -0.893326f, -0.000042f,
	-0.986718f, -0.155190f, 0.047982f, 0.952116f,
	-0.160160f, 0.880160f, -0.446841f, 0.067448f
	},
	{
	-0.000003f, 0.000096f, -1.000000f, -0.000049f,
	-0.999501f, -0.031586f, 0.000000f, 0.487296f,
	-0.031586f, 0.999501f, 0.000096f, 0.000000f
	},
	{
	-0.000023f, 0.000093f, -1.000000f, -0.000048f,
	-0.971196f, -0.238281f, 0.000000f, 0.691738f,
	-0.238281f, 0.971196f, 0.000096f, 0.006461f
	},
	{
	0.823934f, 0.145950f, -0.547568f, -0.237678f,
	0.316924f, 0.682350f, 0.658754f, 0.894636f,
	0.469779f, -0.716307f, 0.515957f, 0.025292f
	},
	{
	0.306673f, -0.778537f, -0.547568f, -0.398774f,
	0.731699f, -0.175099f, 0.658754f, 0.832671f,
	-0.608743f, -0.602677f, 0.515957f, -0.066559f
	},
	{
	-0.032164f, -0.833933f, -0.550927f, -0.454122f,
	0.436445f, -0.507601f, 0.742871f, 0.700614f,
	-0.899156f, -0.216556f, 0.380292f, 0.043307f
	},
	{
	-0.032163f, -0.833933f, -0.550927f, -0.454122f,
	0.436445f, -0.507601f, 0.742871f, 0.700614f,
	-0.899155f, -0.216556f, 0.380293f, 0.043307f
	},
	{
	-0.846754f, -0.155880f, -0.508634f, 0.237586f,
	0.359675f, 0.536721f, -0.763260f, 0.897557f,
	0.391971f, -0.829236f, -0.398404f, 0.025964f
	},
	{
	-0.323970f, 0.797706f, -0.508634f, 0.403143f,
	0.598390f, -0.243648f, -0.763260f, 0.827234f,
	-0.732785f, -0.551634f, -0.398404f, -0.050675f
	},
	{
	0.029392f, 0.860481f, -0.508634f, 0.461613f,
	0.447069f, -0.466437f, -0.763260f, 0.719237f,
	-0.894016f, -0.204961f, -0.398404f, 0.081578f
	},
	{
	0.029392f, 0.860481f, -0.508634f, 0.461613f,
	0.447069f, -0.466437f, -0.763260f, 0.719237f,
	-0.894016f, -0.204961f, -0.398404f, 0.081578f
	},
	{
	0.537922f, 0.705636f, -0.461214f, -0.126387f,
	0.805258f, -0.591978f, 0.033487f, 0.527140f,
	-0.249399f, -0.389409f, -0.886657f, -0.022805f
	},
	{
	-0.396822f, 0.793608f, -0.461213f, -0.270395f,
	0.885997f, 0.462480f, 0.033487f, 0.311563f,
	0.239878f, -0.395345f, -0.886657f, 0.043962f
	},
	{
	0.841733f, 0.294561f, -0.452460f, -0.190421f,
	0.338780f, -0.940697f, 0.017834f, 0.133003f,
	-0.420374f, -0.168296f, -0.891606f, -0.004382f
	},
	{
	-0.472529f, -0.507690f, -0.720394f, 0.126285f,
	0.739512f, -0.673057f, -0.010739f, 0.527140f,
	-0.479414f, -0.537814f, 0.693482f, -0.022829f
	},
	{
	0.164512f, -0.673772f, -0.720394f, 0.252787f,
	0.968699f, 0.248005f, -0.010739f, 0.329164f,
	0.185897f, -0.696078f, 0.693482f, 0.105516f
	},
	{
	-0.645115f, -0.241528f, -0.724908f, 0.219631f,
	0.337011f, -0.941400f, 0.013744f, 0.133936f,
	-0.685748f, -0.235436f, 0.688709f, 0.068051f
	},
	{
	0.032671f, -0.335716f, -0.941396f, -0.000042f,
	-0.990835f, -0.134397f, 0.013541f, 0.945896f,
	-0.131067f, 0.932326f, -0.337030f, 0.068818f
	},
	{
	-0.000003f, 0.000096f, -1.000000f, -0.000049f,
	-0.999402f, -0.034562f, 0.000000f, 0.481280f,
	-0.034562f, 0.999402f, 0.000096f, 0.003008f
	},
	{
	-0.000023f, 0.000093f, -1.000000f, -0.000048f,
	-0.970482f, -0.241172f, 0.000000f, 0.685702f,
	-0.241172f, 0.970482f, 0.000096f, 0.010078f
	},
	{
	0.806771f, 0.167352f, -0.566670f, -0.237678f,
	0.310191f, 0.696304f, 0.647257f, 0.888543f,
	0.502894f, -0.697963f, 0.509847f, 0.029513f
	},
	{
	0.315955f, -0.760959f, -0.566670f, -0.395418f,
	0.742185f, -0.173838f, 0.647257f, 0.827895f,
	-0.591044f, -0.625078f, 0.509847f, -0.068813f
	},
	{
	-0.023758f, -0.823215f, -0.567232f, -0.452442f,
	0.440804f, -0.517884f, 0.733135f, 0.693945f,
	-0.897288f, -0.232621f, 0.375181f, 0.037859f
	},
	{
	-0.023758f, -0.823215f, -0.567232f, -0.452442f,
	0.440805f, -0.517884f, 0.733135f, 0.693945f,
	-0.897288f, -0.232621f, 0.375181f, 0.037859f
	},
	{
	-0.838810f, -0.176075f, -0.515166f, 0.237586f,
	0.348047f, 0.554208f, -0.756119f, 0.891462f,
	0.418642f, -0.813542f, -0.403593f, 0.030193f
	},
	{
	-0.343579f, 0.785212f, -0.515166f, 0.401590f,
	0.613581f, -0.227599f, -0.756120f, 0.823412f,
	-0.710965f, -0.575883f, -0.403593f, -0.051660f
	},
	{
	0.034436f, 0.856398f, -0.515166f, 0.463599f,
	0.452247f, -0.473028f, -0.756120f, 0.712673f,
	-0.891228f, -0.206945f, -0.403593f, 0.076655f
	},
	{
	0.034436f, 0.856398f, -0.515166f, 0.463599f,
	0.452247f, -0.473028f, -0.756120f, 0.712673f,
	-0.891228f, -0.206945f, -0.403593f, 0.076655f
	},
	{
	0.552309f, 0.694553f, -0.461031f, -0.126387f,
	0.793776f, -0.607126f, 0.036285f, 0.521192f,
	-0.254702f, -0.385997f, -0.886641f, -0.019678f
	},
	{
	-0.414115f, 0.784831f, -0.461031f, -0.274247f,
	0.874895f, 0.482952f, 0.036285f, 0.308689f,
	0.251134f, -0.388328f, -0.886641f, 0.048509f
	},
	{
	0.842945f, 0.294284f, -0.450377f, -0.190788f,
	0.337839f, -0.941043f, 0.017420f, 0.132366f,
	-0.418698f, -0.166839f, -0.892668f, -0.002103f
	},
	{
	-0.484682f, -0.496028f, -0.720444f, 0.126285f,
	0.724437f, -0.689222f, -0.012838f, 0.521192f,
	-0.490178f, -0.528138f, 0.693394f, -0.019702f
	},
	{
	0.183228f, -0.668870f, -0.720444f, 0.256040f,
	0.960778f, 0.277020f, -0.012838f, 0.327252f,
	0.208164f, -0.689835f, 0.693394f, 0.111524f
	},
	{
	-0.646688f, -0.242656f, -0.723127f, 0.219113f,
	0.336297f, -0.941633f, 0.015231f, 0.133620f,
	-0.684615f, -0.233336f, 0.690547f, 0.069572f
	},
	{
	0.038385f, -0.214262f, -0.976022f, -0.000042f,
	-0.994127f, -0.107089f, -0.015588f, 0.939673f,
	-0.101181f, 0.970888f, -0.217115f, 0.073191f
	},
	{
	-0.000004f, 0.000096f, -1.000000f, -0.000049f,
	-0.999298f, -0.037459f, 0.000000f, 0.475264f,
	-0.037459f, 0.999298f, 0.000096f, 0.003008f
	},
	{
	-0.000023f, 0.000093f, -1.000000f, -0.000048f,
	-0.969779f, -0.243985f, 0.000000f, 0.679664f,
	-0.243985f, 0.969779f, 0.000096f, 0.010670f
	},
	{
	0.789115f, 0.189418f, -0.584311f, -0.237678f,
	0.301169f, 0.709763f, 0.636815f, 0.882449f,
	0.535346f, -0.678496f, 0.503038f, 0.030694f
	},
	{
	0.326378f, -0.743006f, -0.584311f, -0.391966f,
	0.751927f, -0.170505f, 0.636815f, 0.823564f,
	-0.572786f, -0.647201f, 0.503038f, -0.073977f
	},
	{
	-0.013934f, -0.813138f, -0.581904f, -0.450871f,
	0.445363f, -0.526093f, 0.724484f, 0.687856f,
	-0.895241f, -0.249063f, 0.369472f, 0.029399f
	},
	{
	-0.013934f, -0.813138f, -0.581904f, -0.450871f,
	0.445364f, -0.526093f, 0.724484f, 0.687856f,
	-0.895241f, -0.249064f, 0.369473f, 0.029400f
	},
	{
	-0.830688f, -0.195970f, -0.521108f, 0.237586f,
	0.335439f, 0.570864f, -0.749397f, 0.885366f,
	0.444341f, -0.797314f, -0.408474f, 0.031382f
	},
	{
	-0.362768f, 0.772558f, -0.521108f, 0.400002f,
	0.627687f, -0.210744f, -0.749397f, 0.819781f,
	-0.688773f, -0.598950f, -0.408474f, -0.055495f
	},
	{
	0.039061f, 0.852596f, -0.521109f, 0.465475f,
	0.457150f, -0.478977f, -0.749397f, 0.706496f,
	-0.888531f, -0.208952f, -0.408474f, 0.068815f
	},
	{
	0.039061f, 0.852596f, -0.521109f, 0.465475f,
	0.457150f, -0.478977f, -0.749397f, 0.706496f,
	-0.888531f, -0.208952f, -0.408474f, 0.068815f
	},
	{
	0.566113f, 0.683498f, -0.460811f, -0.126387f,
	0.782320f, -0.621653f, 0.039026f, 0.515242f,
	-0.259791f, -0.382595f, -0.886640f, -0.019562f
	},
	{
	-0.431249f, 0.775679f, -0.460811f, -0.277942f,
	0.863314f, 0.503156f, 0.039026f, 0.305805f,
	0.262131f, -0.380995f, -0.886640f, 0.049987f
	},
	{
	0.844010f, 0.294470f, -0.448257f, -0.191030f,
	0.337437f, -0.941194f, 0.017059f, 0.131816f,
	-0.416874f, -0.165656f, -0.893742f, -0.002842f
	},
	{
	-0.496335f, -0.484457f, -0.720384f, 0.126285f,
	0.709406f, -0.704643f, -0.014901f, 0.515242f,
	-0.500394f, -0.518440f, 0.693416f, -0.019586f
	},
	{
	0.202141f, -0.663465f, -0.720384f, 0.259160f,
	0.951855f, 0.306186f, -0.014901f, 0.325325f,
	0.230458f, -0.682689f, 0.693416f, 0.114375f
	},
	{
	-0.648138f, -0.244470f, -0.721215f, 0.218421f,
	0.336607f, -0.941498f, 0.016639f, 0.133492f,
	-0.683090f, -0.231982f, 0.692511f, 0.067930f
	},
	{
	0.044672f, -0.088818f, -0.995046f, -0.000042f,
	-0.996431f, -0.075366f, -0.038007f, 0.933452f,
	-0.071617f, 0.993192f, -0.091868f, 0.074520f
	},
	{
	-0.000004f, 0.000096f, -1.000000f, -0.000049f,
	-0.999191f, -0.040211f, 0.000000f, 0.469248f,
	-0.040211f, 0.999191f, 0.000096f, 0.006016f
	},
	{
	-0.000024f, 0.000093f, -1.000000f, -0.000048f,
	-0.969103f, -0.246654f, 0.000000f, 0.673626f,
	-0.246654f, 0.969103f, 0.000096f, 0.014241f
	},
	{
	0.771601f, 0.211856f, -0.599791f, -0.237678f,
	0.289825f, 0.722265f, 0.627961f, 0.876355f,
	0.566245f, -0.658369f, 0.495899f, 0.034823f
	},
	{
	0.338001f, -0.725263f, -0.599791f, -0.388541f,
	0.760582f, -0.164862f, 0.627961f, 0.819688f,
	-0.554319f, -0.668441f, 0.495899f, -0.075889f
	},
	{
	-0.002759f, -0.804250f, -0.594285f, -0.449544f,
	0.450187f, -0.531657f, 0.717406f, 0.682418f,
	-0.892930f, -0.265560f, 0.363530f, 0.024154f
	},
	{
	-0.002759f, -0.804250f, -0.594284f, -0.449544f,
	0.450188f, -0.531657f, 0.717406f, 0.682419f,
	-0.892929f, -0.265560f, 0.363531f, 0.024154f
	},
	{
	-0.822750f, -0.215009f, -0.526169f, 0.237586f,
	0.322215f, 0.586167f, -0.743361f, 0.879270f,
	0.468252f, -0.781140f, -0.412990f, 0.035519f
	},
	{
	-0.381041f, 0.760233f, -0.526169f, 0.398450f,
	0.640266f, -0.193580f, -0.743361f, 0.816270f,
	-0.666983f, -0.620140f, -0.412990f, -0.056033f
	},
	{
	0.043112f, 0.849287f, -0.526169f, 0.467221f,
	0.461710f, -0.483981f, -0.743361f, 0.700715f,
	-0.885983f, -0.210890f, -0.412990f, 0.064344f
	},
	{
	0.043112f, 0.849287f, -0.526169f, 0.467221f,
	0.461710f, -0.483981f, -0.743361f, 0.700715f,
	-0.885983f, -0.210890f, -0.412990f, 0.064344f
	},
	{
	0.578884f, 0.672881f, -0.460571f, -0.126387f,
	0.771325f, -0.635077f, 0.041636f, 0.509288f,
	-0.264482f, -0.379352f, -0.886646f, -0.016444f
	},
	{
	-0.447817f, 0.766377f, -0.460571f, -0.281361f,
	0.851554f, 0.522611f, 0.041636f, 0.302795f,
	0.272608f, -0.373555f, -0.886646f, 0.054361f
	},
	{
	0.844823f, 0.295289f, -0.446182f, -0.191110f,
	0.337794f, -0.941070f, 0.016782f, 0.131176f,
	-0.414933f, -0.164895f, -0.894785f, -0.000579f
	},
	{
	-0.507140f, -0.473409f, -0.720203f, 0.126285f,
	0.694984f, -0.718827f, -0.016878f, 0.509288f,
	-0.509711f, -0.509089f, 0.693558f, -0.016468f
	},
	{
	0.219969f, -0.657967f, -0.720203f, 0.262053f,
	0.942567f, 0.333589f, -0.016878f, 0.323232f,
	0.251357f, -0.675127f, 0.693558f, 0.119988f
	},
	{
	-0.649642f, -0.246249f, -0.719254f, 0.217721f,
	0.336982f, -0.941340f, 0.017916f, 0.133271f,
	-0.681475f, -0.230737f, 0.694516f, 0.069330f
	},
	{
	0.051429f, 0.035488f, -0.998046f, -0.000042f,
	-0.997727f, -0.041739f, -0.052896f, 0.927237f,
	-0.043534f, 0.998498f, 0.033261f, 0.078790f
	},
	{
	-0.000004f, 0.000096f, -1.000000f, -0.000049f,
	-0.999086f, -0.042747f, 0.000000f, 0.466240f,
	-0.042747f, 0.999086f, 0.000096f, 0.006016f
	},
	{
	-0.000024f, 0.000093f, -1.000000f, -0.000048f,
	-0.968474f, -0.249114f, 0.000000f, 0.670597f,
	-0.249114f, 0.968474f, 0.000096f, 0.014760f
	},
	{
	0.755460f, 0.232614f, -0.612512f, -0.237678f,
	0.277716f, 0.733034f, 0.620914f, 0.873273f,
	0.593426f, -0.639180f, 0.489177f, 0.035856f
	},
	{
	0.349187f, -0.709153f, -0.612512f, -0.385386f,
	0.767736f, -0.158266f, 0.620914f, 0.818973f,
	-0.537262f, -0.687062f, 0.489177f, -0.080170f
	},
	{
	0.007821f, -0.796858f, -0.604116f, -0.448407f,
	0.454500f, -0.535294f, 0.711962f, 0.680413f,
	-0.890712f, -0.280139f, 0.357985f, 0.016795f
	},
	{
	0.007822f, -0.796858f, -0.604116f, -0.448407f,
	0.454500f, -0.535294f, 0.711962f, 0.680413f,
	-0.890712f, -0.280140f, 0.357985f, 0.016795f
	},
	{
	-0.815420f, -0.232676f, -0.530049f, 0.237586f,
	0.308800f, 0.599651f, -0.738283f, 0.876186f,
	0.489625f, -0.765690f, -0.417117f, 0.036560f
	},
	{
	-0.397963f, 0.748781f, -0.530049f, 0.397017f,
	0.650948f, -0.176651f, -0.738283f, 0.815809f,
	-0.646446f, -0.638843f, -0.417117f, -0.059171f
	},
	{
	0.046448f, 0.846694f, -0.530049f, 0.468842f,
	0.465886f, -0.487739f, -0.738283f, 0.698326f,
	-0.883625f, -0.212651f, -0.417117f, 0.057499f
	},
	{
	0.046448f, 0.846694f, -0.530049f, 0.468842f,
	0.465886f, -0.487739f, -0.738283f, 0.698326f,
	-0.883625f, -0.212651f, -0.417117f, 0.057499f
	},
	{
	0.590200f, 0.663145f, -0.460329f, -0.126387f,
	0.761261f, -0.646948f, 0.044046f, 0.506337f,
	-0.268601f, -0.376427f, -0.886655f, -0.016342f
	},
	{
	-0.462310f, 0.757869f, -0.460329f, -0.284391f,
	0.840753f, 0.539624f, 0.044046f, 0.302538f,
	0.281786f, -0.366661f, -0.886655f, 0.055565f
	},
	{
	0.845693f, 0.295671f, -0.444277f, -0.191218f,
	0.337740f, -0.941093f, 0.016590f, 0.133096f,
	-0.413201f, -0.164080f, -0.895736f, -0.001224f
	},
	{
	-0.516784f, -0.463344f, -0.719894f, 0.126285f,
	0.681772f, -0.731325f, -0.018717f, 0.506337f,
	-0.517804f, -0.500476f, 0.693832f, -0.016366f
	},
	{
	0.235485f, -0.652916f, -0.719894f, 0.264634f,
	0.933759f, 0.357412f, -0.018717f, 0.323818f,
	0.269519f, -0.667799f, 0.693832f, 0.122256f
	},
	{
	-0.651362f, -0.247287f, -0.717340f, 0.217176f,
	0.336476f, -0.941500f, 0.019033f, 0.135632f,
	-0.680082f, -0.228970f, 0.696463f, 0.067938f
	},
	{
	0.058065f, 0.153674f, -0.986414f, -0.000042f,
	-0.998150f, -0.008878f, -0.060139f, 0.924043f,
	-0.017999f, 0.988082f, 0.152875f, 0.079952f
	},
	{
	-0.000004f, 0.000096f, -1.000000f, -0.000049f,
	-0.998987f, -0.045001f, 0.000000f, 0.460224f,
	-0.045001f, 0.998987f, 0.000096f, 0.009024f
	},
	{
	-0.000024f, 0.000093f, -1.000000f, -0.000048f,
	-0.967910f, -0.251298f, 0.000000f, 0.664561f,
	-0.251298f, 0.967910f, 0.000096f, 0.018229f
	},
	{
	0.741866f, 0.249601f, -0.622362f, -0.237678f,
	0.266851f, 0.741582f, 0.615505f, 0.867188f,
	0.615163f, -0.622700f, 0.483548f, 0.039783f
	},
	{
	0.358182f, -0.695968f, -0.622362f, -0.382728f,
	0.773247f, -0.152456f, 0.615505f, 0.815013f,
	-0.523254f, -0.701702f, 0.483548f, -0.080494f
	},
	{
	0.015893f, -0.790983f, -0.611631f, -0.447372f,
	0.457557f, -0.538147f, 0.707841f, 0.675458f,
	-0.889038f, -0.291106f, 0.353367f, 0.013943f
	},
	{
	0.015894f, -0.790983f, -0.611631f, -0.447372f,
	0.457558f, -0.538147f, 0.707841f, 0.675458f,
	-0.889037f, -0.291107f, 0.353368f, 0.013943f
	},
	{
	-0.809169f, -0.248491f, -0.532445f, 0.237586f,
	0.295659f, 0.610904f, -0.734426f, 0.870100f,
	0.507771f, -0.751697f, -0.420856f, 0.040493f
	},
	{
	-0.413145f, 0.738791f, -0.532445f, 0.395795f,
	0.659429f, -0.160535f, -0.734426f, 0.812292f,
	-0.628064f, -0.654535f, -0.420856f, -0.058786f
	},
	{
	0.047793f, 0.845114f, -0.532446f, 0.470360f,
	0.470316f, -0.489306f, -0.734427f, 0.693279f,
	-0.881203f, -0.215317f, -0.420856f, 0.054567f
	},
	{
	0.047793f, 0.845114f, -0.532446f, 0.470360f,
	0.470316f, -0.489306f, -0.734427f, 0.693279f,
	-0.881203f, -0.215317f, -0.420856f, 0.054567f
	},
	{
	0.599665f, 0.654754f, -0.460107f, -0.126387f,
	0.752616f, -0.656839f, 0.046184f, 0.500371f,
	-0.271977f, -0.373979f, -0.886661f, -0.013244f
	},
	{
	-0.473587f, 0.751011f, -0.460107f, -0.286925f,
	0.831951f, 0.552923f, 0.046184f, 0.298887f,
	0.289089f, -0.360915f, -0.886661f, 0.059568f
	},
	{
	0.846808f, 0.294882f, -0.442675f, -0.191480f,
	0.336485f, -0.941545f, 0.016476f, 0.131219f,
	-0.411940f, -0.162906f, -0.896530f, 0.001306f
	},
	{
	-0.524985f, -0.454739f, -0.719446f, 0.126285f,
	0.670394f, -0.741725f, -0.020370f, 0.500371f,
	-0.524368f, -0.493006f, 0.694249f, -0.013268f
	},
	{
	0.248407f, -0.648607f, -0.719446f, 0.266830f,
	0.925906f, 0.377203f, -0.020370f, 0.320899f,
	0.284590f, -0.661079f, 0.694249f, 0.127112f
	},
	{
	-0.653142f, -0.247792f, -0.715545f, 0.216767f,
	0.335450f, -0.941846f, 0.019965f, 0.134295f,
	-0.678880f, -0.226989f, 0.698281f, 0.069757f
	},
	{
	0.064096f, 0.260159f, -0.963436f, -0.000042f,
	-0.997936f, 0.020443f, -0.060871f, 0.917859f,
	0.003859f, 0.965349f, 0.260932f, 0.083993f
	},
	{
	-0.000004f, 0.000096f, -1.000000f, -0.000049f,
	-0.998899f, -0.046904f, 0.000000f, 0.457717f,
	-0.046904f, 0.998899f, 0.000096f, 0.009024f
	},
	{
	-0.000024f, 0.000093f, -1.000000f, -0.000048f,
	-0.967429f, -0.253141f, 0.000000f, 0.662036f,
	-0.253141f, 0.967429f, 0.000096f, 0.018618f
	},
	{
	0.731395f, 0.262524f, -0.629399f, -0.237678f,
	0.257906f, 0.747906f, 0.611654f, 0.864622f,
	0.631305f, -0.609687f, 0.479308f, 0.040558f
	},
	{
	0.364878f, -0.686091f, -0.629399f, -0.380680f,
	0.777200f, -0.147780f, 0.611654f, 0.814196f,
	-0.512663f, -0.712348f, 0.479308f, -0.082875f
	},
	{
	0.021419f, -0.786727f, -0.616929f, -0.446534f,
	0.459495f, -0.540290f, 0.704947f, 0.673927f,
	-0.887922f, -0.298575f, 0.349925f, 0.009651f
	},
	{
	0.021419f, -0.786727f, -0.616929f, -0.446534f,
	0.459496f, -0.540289f, 0.704947f, 0.673927f,
	-0.887921f, -0.298575f, 0.349926f, 0.009651f
	},
	{
	-0.804548f, -0.260203f, -0.533851f, 0.237586f,
	0.285306f, 0.619043f, -0.731701f, 0.867532f,
	0.520867f, -0.741000f, -0.423812f, 0.041274f
	},
	{
	-0.424491f, 0.731307f, -0.533851f, 0.394892f,
	0.665383f, -0.147913f, -0.731701f, 0.811749f,
	-0.614062f, -0.665816f, -0.423812f, -0.060566f
	},
	{
	0.048116f, 0.844209f, -0.533851f, 0.471504f,
	0.474111f, -0.489727f, -0.731701f, 0.691661f,
	-0.879150f, -0.217898f, -0.423812f, 0.050260f
	},
	{
	0.048116f, 0.844209f, -0.533851f, 0.471504f,
	0.474111f, -0.489727f, -0.731701f, 0.691661f,
	-0.879150f, -0.217898f, -0.423812f, 0.050260f
	},
	{
	0.606900f, 0.648184f, -0.459924f, -0.126387f,
	0.745890f, -0.664338f, 0.047983f, 0.497907f,
	-0.274443f, -0.372174f, -0.886661f, -0.013167f
	},
	{
	-0.481800f, 0.745881f, -0.459924f, -0.288862f,
	0.825283f, 0.562676f, 0.047983f, 0.298223f,
	0.294578f, -0.356450f, -0.886661f, 0.060305f
	},
	{
	0.847877f, 0.293614f, -0.441470f, -0.191761f,
	0.334827f, -0.942136f, 0.016464f, 0.131899f,
	-0.411090f, -0.161776f, -0.897125f, 0.000937f
	},
	{
	-0.531480f, -0.448087f, -0.718851f, 0.126285f,
	0.661487f, -0.749640f, -0.021789f, 0.497907f,
	-0.529117f, -0.487091f, 0.694822f, -0.013191f
	},
	{
	0.258452f, -0.645333f, -0.718851f, 0.268569f,
	0.919486f, 0.392519f, -0.021789f, 0.320819f,
	0.296224f, -0.655343f, 0.694822f, 0.128460f
	},
	{
	-0.654478f, -0.248892f, -0.713941f, 0.216481f,
	0.335854f, -0.941693f, 0.020408f, 0.135509f,
	-0.677392f, -0.226423f, 0.699908f, 0.068760f
	},
	{
	0.069707f, 0.352421f, -0.933242f, -0.000042f,
	-0.997339f, 0.044630f, -0.057641f, 0.915209f,
	0.021337f, 0.934776f, 0.354594f, 0.084864f
	},
	{
	-0.000005f, 0.000096f, -1.000000f, -0.000049f,
	-0.998829f, -0.048388f, 0.000000f, 0.456213f,
	-0.048388f, 0.998829f, 0.000096f, 0.009024f
	},
	{
	-0.000024f, 0.000093f, -1.000000f, -0.000048f,
	-0.967052f, -0.254578f, 0.000000f, 0.660517f,
	-0.254578f, 0.967052f, 0.000096f, 0.018922f
	},
	{
	0.724564f, 0.271065f, -0.633664f, -0.237678f,
	0.251513f, 0.752008f, 0.609282f, 0.863071f,
	0.641676f, -0.600839f, 0.476702f, 0.041162f
	},
	{
	0.369137f, -0.679858f, -0.633664f, -0.379345f,
	0.779666f, -0.144555f, 0.609282f, 0.813895f,
	-0.505825f, -0.718955f, 0.476702f, -0.084298f
	},
	{
	0.024359f, -0.784147f, -0.620096f, -0.445967f,
	0.460443f, -0.541772f, 0.703190f, 0.673181f,
	-0.887355f, -0.302648f, 0.347858f, 0.006993f
	},
	{
	0.024360f, -0.784147f, -0.620096f, -0.445967f,
	0.460443f, -0.541771f, 0.703189f, 0.673181f,
	-0.887354f, -0.302649f, 0.347858f, 0.006993f
	},
	{
	-0.801881f, -0.266260f, -0.534876f, 0.237586f,
	0.279757f, 0.623700f, -0.729886f, 0.865980f,
	0.527942f, -0.734917f, -0.425645f, 0.041882f
	},
	{
	-0.430540f, 0.727009f, -0.534876f, 0.394370f,
	0.668896f, -0.140867f, -0.729886f, 0.811282f,
	-0.605981f, -0.672022f, -0.425645f, -0.061341f
	},
	{
	0.049037f, 0.843507f, -0.534876f, 0.472074f,
	0.476099f, -0.490506f, -0.729886f, 0.690559f,
	-0.878024f, -0.218863f, -0.425645f, 0.048027f
	},
	{
	0.049037f, 0.843507f, -0.534876f, 0.472074f,
	0.476099f, -0.490506f, -0.729886f, 0.690559f,
	-0.878024f, -0.218863f, -0.425645f, 0.048027f
	},
	{
	0.611529f, 0.643908f, -0.459800f, -0.126387f,
	0.741585f, -0.669040f, 0.049371f, 0.496436f,
	-0.275833f, -0.371172f, -0.886649f, -0.013107f
	},
	{
	-0.487081f, 0.742520f, -0.459800f, -0.290101f,
	0.820835f, 0.569027f, 0.049371f, 0.297904f,
	0.298298f, -0.353372f, -0.886649f, 0.060737f
	},
	{
	0.848274f, 0.293519f, -0.440770f, -0.191936f,
	0.334737f, -0.942162f, 0.016803f, 0.132477f,
	-0.410345f, -0.161795f, -0.897463f, 0.000619f
	},
	{
	-0.535298f, -0.444354f, -0.718336f, 0.126285f,
	0.656557f, -0.753929f, -0.022890f, 0.496436f,
	-0.531402f, -0.483882f, 0.695320f, -0.013132f
	},
	{
	0.265988f, -0.642841f, -0.718336f, 0.269591f,
	0.914488f, 0.403965f, -0.022890f, 0.320667f,
	0.304897f, -0.650821f, 0.695320f, 0.129131f
	},
	{
	-0.654641f, -0.251822f, -0.712763f, 0.215984f,
	0.339712f, -0.940312f, 0.020205f, 0.136365f,
	-0.675308f, -0.228907f, 0.701114f, 0.067683f
	},
	{
	0.075039f, 0.430875f, -0.899286f, -0.000042f,
	-0.996600f, 0.063163f, -0.052896f, 0.913591f,
	0.034010f, 0.900198f, 0.434150f, 0.085544f
	},
	{
	-0.000005f, 0.000096f, -1.000000f, -0.000049f,
	-0.998780f, -0.049384f, 0.000000f, 0.455712f,
	-0.049384f, 0.998780f, 0.000096f, 0.009024f
	},
	{
	-0.000024f, 0.000093f, -1.000000f, -0.000048f,
	-0.966798f, -0.255543f, 0.000000f, 0.660006f,
	-0.255543f, 0.966798f, 0.000096f, 0.019125f
	},
	{
	0.721808f, 0.274857f, -0.635175f, -0.237678f,
	0.248252f, 0.753863f, 0.608327f, 0.862537f,
	0.646038f, -0.596778f, 0.475911f, 0.041568f
	},
	{
	0.370778f, -0.677552f, -0.635175f, -0.378806f,
	0.780686f, -0.143063f, 0.608327f, 0.813999f,
	-0.503043f, -0.721427f, 0.475911f, -0.084745f
	},
	{
	0.024685f, -0.783266f, -0.621196f, -0.445724f,
	0.460516f, -0.542619f, 0.702488f, 0.673101f,
	-0.887308f, -0.303411f, 0.347312f, 0.006044f
	},
	{
	0.024685f, -0.783266f, -0.621196f, -0.445724f,
	0.460516f, -0.542619f, 0.702488f, 0.673101f,
	-0.887308f, -0.303412f, 0.347313f, 0.006044f
	},
	{
	-0.801211f, -0.267216f, -0.535404f, 0.237586f,
	0.278671f, 0.625175f, -0.729040f, 0.865446f,
	0.529532f, -0.733316f, -0.426431f, 0.042291f
	},
	{
	-0.431830f, 0.725855f, -0.535404f, 0.394239f,
	0.670202f, -0.139033f, -0.729040f, 0.810960f,
	-0.603616f, -0.673650f, -0.426431f, -0.061243f
	},
	{
	0.050099f, 0.843109f, -0.535404f, 0.472176f,
	0.476591f, -0.491286f, -0.729040f, 0.690002f,
	-0.877697f, -0.218644f, -0.426431f, 0.047698f
	},
	{
	0.050099f, 0.843109f, -0.535404f, 0.472176f,
	0.476591f, -0.491286f, -0.729040f, 0.690002f,
	-0.877697f, -0.218644f, -0.426432f, 0.047698f
	},
	{
	0.613162f, 0.642385f, -0.459754f, -0.126387f,
	0.740182f, -0.670524f, 0.050282f, 0.495956f,
	-0.275975f, -0.371132f, -0.886622f, -0.013067f
	},
	{
	-0.489537f, 0.740932f, -0.459754f, -0.290538f,
	0.818651f, 0.572086f, 0.050282f, 0.297801f,
	0.300274f, -0.351763f, -0.886622f, 0.060815f
	},
	{
	0.847686f, 0.295438f, -0.440619f, -0.191879f,
	0.337197f, -0.941270f, 0.017590f, 0.132813f,
	-0.409544f, -0.163486f, -0.897522f, 0.000299f
	},
	{
	-0.535939f, -0.443962f, -0.718099f, 0.126285f,
	0.656318f, -0.754115f, -0.023602f, 0.495956f,
	-0.531051f, -0.483951f, 0.695540f, -0.013091f
	},
	{
	0.270694f, -0.641138f, -0.718099f, 0.269762f,
	0.911252f, 0.411173f, -0.023602f, 0.320252f,
	0.310395f, -0.647980f, 0.695540f, 0.129077f
	},
	{
	-0.653640f, -0.255901f, -0.712229f, 0.215208f,
	0.345955f, -0.938048f, 0.019541f, 0.136602f,
	-0.673105f, -0.233626f, 0.701675f, 0.066522f
	},
	{
	0.080285f, 0.496175f, -0.864503f, -0.000042f,
	-0.995916f, 0.075865f, -0.048947f, 0.913014f,
	0.041299f, 0.864902f, 0.500239f, 0.086000f
	},
	{
	-0.000005f, 0.000096f, -1.000000f, -0.000049f,
	-0.998758f, -0.049825f, 0.000000f, 0.456213f,
	-0.049825f, 0.998758f, 0.000096f, 0.009024f
	},
	{
	-0.000025f, 0.000093f, -1.000000f, -0.000048f,
	-0.966685f, -0.255970f, 0.000000f, 0.660503f,
	-0.255970f, 0.966685f, 0.000096f, 0.019216f
	},
	{
	0.723451f, 0.273452f, -0.633911f, -0.237678f,
	0.248642f, 0.753389f, 0.608755f, 0.863024f,
	0.644047f, -0.598021f, 0.477048f, 0.041748f
	},
	{
	0.369575f, -0.679391f, -0.633911f, -0.379127f,
	0.780262f, -0.143556f, 0.608755f, 0.814410f,
	-0.504584f, -0.719597f, 0.477048f, -0.084176f
	},
	{
	0.022378f, -0.784081f, -0.620255f, -0.445828f,
	0.459808f, -0.542827f, 0.702791f, 0.673588f,
	-0.887736f, -0.300925f, 0.348379f, 0.006891f
	},
	{
	0.022378f, -0.784081f, -0.620255f, -0.445828f,
	0.459808f, -0.542827f, 0.702791f, 0.673588f,
	-0.887736f, -0.300926f, 0.348380f, 0.006891f
	},
	{
	-0.802461f, -0.263577f, -0.535335f, 0.237586f,
	0.281623f, 0.623651f, -0.729210f, 0.865932f,
	0.526065f, -0.735926f, -0.426227f, 0.042472f
	},
	{
	-0.428821f, 0.727688f, -0.535335f, 0.394484f,
	0.669398f, -0.141984f, -0.729210f, 0.810869f,
	-0.606646f, -0.671052f, -0.426227f, -0.060384f
	},
	{
	0.050842f, 0.843108f, -0.535335f, 0.471877f,
	0.475890f, -0.491712f, -0.729210f, 0.690056f,
	-0.878034f, -0.217687f, -0.426227f, 0.049103f
	},
	{
	0.050842f, 0.843108f, -0.535335f, 0.471878f,
	0.475890f, -0.491712f, -0.729210f, 0.690056f,
	-0.878034f, -0.217687f, -0.426227f, 0.049103f
	},
	{
	0.611422f, 0.643995f, -0.459819f, -0.126387f,
	0.742085f, -0.668389f, 0.050646f, 0.496468f,
	-0.274723f, -0.372191f, -0.886567f, -0.013049f
	},
	{
	-0.489197f, 0.741116f, -0.459819f, -0.290072f,
	0.818773f, 0.571880f, 0.050646f, 0.297802f,
	0.300496f, -0.351712f, -0.886567f, 0.060497f
	},
	{
	0.846309f, 0.298774f, -0.441015f, -0.191481f,
	0.341457f, -0.939713f, 0.018629f, 0.132790f,
	-0.408862f, -0.166353f, -0.897306f, -0.000064f
	},
	{
	-0.533800f, -0.446540f, -0.718095f, 0.126285f,
	0.660157f, -0.750747f, -0.023887f, 0.496467f,
	-0.528441f, -0.486806f, 0.695535f, -0.013074f
	},
	{
	0.271251f, -0.640908f, -0.718095f, 0.269190f,
	0.910768f, 0.412227f, -0.023887f, 0.319735f,
	0.311327f, -0.647538f, 0.695535f, 0.128396f
	},
	{
	-0.652130f, -0.259383f, -0.712353f, 0.214523f,
	0.351939f, -0.935839f, 0.018572f, 0.136183f,
