#include "game/component/Animator.h"
#include "game/resource/animation.h"

// 17 bones
AnimationMatrix const mario_animation_idle_right[] = { // 29 frames
	{
	-0.000002f, 0.000096f, -1.000000f, -0.000049f,
	-0.999873f, -0.015914f, 0.000000f, 0.514368f,
	-0.015914f, 0.999873f, 0.000096f, -0.003008f
	},
	{
	-0.000021f, 0.000093f, -1.000000f, -0.000049f,
	-0.974812f, -0.223028f, 0.000000f, 0.718886f,
	-0.223028f, 0.974812f, 0.000096f, 0.000247f
	},
	{
	0.893055f, 0.055568f, -0.446503f, -0.237679f,
	0.321852f, 0.614565f, 0.720223f, 0.922054f,
	0.314426f, -0.786906f, 0.530956f, 0.015896f
	},
	{
	0.276043f, -0.851138f, -0.446503f, -0.412289f,
	0.675322f, -0.158803f, 0.720223f, 0.859126f,
	-0.683915f, -0.500346f, 0.530956f, -0.045581f
	},
	{
	-0.053307f, -0.885997f, -0.460617f, -0.462109f,
	0.415325f, -0.439154f, 0.796648f, 0.737244f,
	-0.908109f, -0.148839f, 0.391387f, 0.077852f
	},
	{
	-0.053307f, -0.885997f, -0.460617f, -0.462109f,
	0.415326f, -0.439154f, 0.796648f, 0.737244f,
	-0.908109f, -0.148839f, 0.391388f, 0.077852f
	},
	{
	-0.879095f, -0.063789f, -0.472358f, 0.237585f,
	0.397501f, 0.448756f, -0.800382f, 0.924986f,
	0.263029f, -0.891375f, -0.369143f, 0.016521f
	},
	{
	-0.231540f, 0.850451f, -0.472358f, 0.409466f,
	0.516781f, -0.303852f, -0.800382f, 0.847267f,
	-0.824212f, -0.429426f, -0.369143f, -0.034906f
	},
	{
	0.001307f, 0.881406f, -0.472358f, 0.451254f,
	0.418175f, -0.429557f, -0.800382f, 0.753999f,
	-0.908365f, -0.196482f, -0.369143f, 0.113848f
	},
	{
	0.001307f, 0.881406f, -0.472358f, 0.451255f,
	0.418175f, -0.429556f, -0.800382f, 0.753999f,
	-0.908365f, -0.196482f, -0.369143f, 0.113848f
	},
	{
	0.467905f, 0.754310f, -0.460522f, -0.126387f,
	0.854948f, -0.518341f, 0.019639f, 0.553850f,
	-0.223894f, -0.402912f, -0.887431f, -0.026434f
	},
	{
	-0.315794f, 0.829574f, -0.460522f, -0.251651f,
	0.930722f, 0.365200f, 0.019639f, 0.324970f,
	0.184474f, -0.422416f, -0.887431f, 0.033505f
	},
	{
	0.836237f, 0.298047f, -0.460299f, -0.188007f,
	0.345037f, -0.938392f, 0.019222f, 0.137396f,
	-0.426212f, -0.174894f, -0.887555f, -0.003673f
	},
	{
	-0.412894f, -0.559994f, -0.718280f, 0.126285f,
	0.804974f, -0.593310f, -0.000165f, 0.553850f,
	-0.426070f, -0.578265f, 0.695754f, -0.026459f
	},
	{
	0.079751f, -0.691168f, -0.718280f, 0.236821f,
	0.993389f, 0.114794f, -0.000165f, 0.338349f,
	0.082569f, -0.713518f, 0.695754f, 0.087605f
	},
	{
	-0.638673f, -0.240525f, -0.730920f, 0.220749f,
	0.345296f, -0.938467f, 0.007105f, 0.138145f,
	-0.687653f, -0.247846f, 0.682426f, 0.070965f
	},
	{
	0.002947f, -0.804461f, -0.593998f, -0.000043f,
	-0.964358f, -0.159451f, 0.211163f, 0.973990f,
	-0.264586f, 0.572205f, -0.776258f, 0.058613f
	},
	{
	-0.000002f, 0.000096f, -1.000000f, -0.000049f,
	-0.999846f, -0.017552f, 0.000000f, 0.513338f,
	-0.017552f, 0.999846f, 0.000096f, -0.003008f
	},
	{
	-0.000022f, 0.000093f, -1.000000f, -0.000048f,
	-0.974445f, -0.224625f, 0.000000f, 0.717850f,
	-0.224625f, 0.974445f, 0.000096f, 0.000582f
	},
	{
	0.888138f, 0.061943f, -0.455383f, -0.237679f,
	0.323197f, 0.620274f, 0.714706f, 0.920993f,
	0.326733f, -0.781936f, 0.530869f, 0.016564f
	},
	{
	0.277400f, -0.845976f, -0.455383f, -0.411328f,
	0.680505f, -0.161580f, 0.714706f, 0.857801f,
	-0.678205f, -0.508150f, 0.530869f, -0.047319f
	},
	{
	-0.053114f, -0.881695f, -0.468820f, -0.461393f,
	0.417326f, -0.446117f, 0.791719f, 0.734984f,
	-0.907203f, -0.153600f, 0.391650f, 0.075084f
	},
	{
	-0.053113f, -0.881695f, -0.468820f, -0.461393f,
	0.417327f, -0.446117f, 0.791718f, 0.734984f,
	-0.907203f, -0.153600f, 0.391650f, 0.075084f
	},
	{
	-0.876645f, -0.070579f, -0.475933f, 0.237585f,
	0.395910f, 0.456276f, -0.796911f, 0.923924f,
	0.273402f, -0.887035f, -0.372050f, 0.017194f
	},
	{
	-0.238756f, 0.846454f, -0.475933f, 0.408987f,
	0.524219f, -0.300212f, -0.796911f, 0.846515f,
	-0.817429f, -0.439760f, -0.372050f, -0.036262f
	},
	{
	0.004003f, 0.879473f, -0.475933f, 0.452078f,
	0.421065f, -0.433171f, -0.796911f, 0.751904f,
	-0.907022f, -0.197209f, -0.372050f, 0.111268f
	},
	{
	0.004003f, 0.879473f, -0.475933f, 0.452078f,
	0.421065f, -0.433171f, -0.796911f, 0.751905f,
	-0.907022f, -0.197209f, -0.372050f, 0.111268f
	},
	{
	0.473501f, 0.750595f, -0.460873f, -0.126387f,
	0.851335f, -0.524205f, 0.020921f, 0.552858f,
	-0.225889f, -0.402264f, -0.887219f, -0.026370f
	},
	{
	-0.322497f, 0.826796f, -0.460873f, -0.253149f,
	0.927430f, 0.373412f, 0.020921f, 0.324945f,
	0.189393f, -0.420681f, -0.887219f, 0.034104f
	},
	{
	0.836464f, 0.297942f, -0.459955f, -0.188154f,
	0.344897f, -0.938441f, 0.019336f, 0.138035f,
	-0.425879f, -0.174811f, -0.887732f, -0.004066f
	},
	{
	-0.417693f, -0.555860f, -0.718716f, 0.126285f,
	0.800199f, -0.599733f, -0.001211f, 0.552858f,
	-0.430364f, -0.575622f, 0.695303f, -0.026394f
	},
	{
	0.086675f, -0.689880f, -0.718716f, 0.238106f,
	0.992042f, 0.125901f, -0.001211f, 0.338635f,
	0.091323f, -0.712891f, 0.695302f, 0.088820f
	},
	{
	-0.638900f, -0.240637f, -0.730685f, 0.220638f,
	0.344999f, -0.938574f, 0.007440f, 0.138703f,
	-0.687592f, -0.247333f, 0.682673f, 0.070415f
	},
	{
	0.006008f, -0.768514f, -0.639804f, -0.000043f,
	-0.967496f, -0.166224f, 0.190579f, 0.972859f,
	-0.252814f, 0.617863f, -0.744533f, 0.059366f
	},
	{
	-0.000002f, 0.000096f, -1.000000f, -0.000049f,
	-0.999811f, -0.019426f, 0.000000f, 0.510247f,
	-0.019426f, 0.999811f, 0.000096f, -0.003008f
	},
	{
	-0.000022f, 0.000093f, -1.000000f, -0.000048f,
	-0.974023f, -0.226450f, 0.000000f, 0.714753f,
	-0.226450f, 0.974022f, 0.000096f, 0.000966f
	},
	{
	0.881563f, 0.070794f, -0.466728f, -0.237679f,
	0.324324f, 0.627583f, 0.707780f, 0.917865f,
	0.343018f, -0.775324f, 0.530294f, 0.017328f
	},
	{
	0.279771f, -0.838983f, -0.466728f, -0.410042f,
	0.686975f, -0.164658f, 0.707780f, 0.854453f,
	-0.670666f, -0.518647f, 0.530294f, -0.049739f
	},
	{
	-0.052133f, -0.876163f, -0.479187f, -0.460535f,
	0.419759f, -0.454618f, 0.785573f, 0.730468f,
	-0.906137f, -0.160189f, 0.391479f, 0.071303f
	},
	{
	-0.052133f, -0.876163f, -0.479187f, -0.460535f,
	0.419760f, -0.454618f, 0.785572f, 0.730468f,
	-0.906136f, -0.160189f, 0.391479f, 0.071303f
	},
	{
	-0.873504f, -0.079940f, -0.480210f, 0.237585f,
	0.393139f, 0.465931f, -0.792685f, 0.920795f,
	0.287112f, -0.881202f, -0.375565f, 0.017963f
	},
	{
	-0.248437f, 0.841236f, -0.480210f, 0.408373f,
	0.533543f, -0.294927f, -0.792685f, 0.843928f,
	-0.808461f, -0.453145f, -0.375565f, -0.038173f
	},
	{
	0.007300f, 0.877124f, -0.480210f, 0.453211f,
	0.424537f, -0.437515f, -0.792685f, 0.747634f,
	-0.905381f, -0.198080f, -0.375565f, 0.107738f
	},
	{
	0.007300f, 0.877124f, -0.480210f, 0.453211f,
	0.424537f, -0.437515f, -0.792685f, 0.747635f,
	-0.905381f, -0.198080f, -0.375565f, 0.107738f
	},
	{
	0.480952f, 0.745687f, -0.461126f, -0.126387f,
	0.846428f, -0.532028f, 0.022477f, 0.549811f,
	-0.228571f, -0.401120f, -0.887050f, -0.026296f
	},
	{
	-0.331126f, 0.823237f, -0.461126f, -0.255144f,
	0.923107f, 0.383886f, 0.022477f, 0.323212f,
	0.195524f, -0.418226f, -0.887050f, 0.034896f
	},
	{
	0.836937f, 0.297594f, -0.459320f, -0.188410f,
	0.344353f, -0.938641f, 0.019307f, 0.137173f,
	-0.425391f, -0.174327f, -0.888061f, -0.004509f
	},
	{
	-0.424076f, -0.550485f, -0.719115f, 0.126285f,
	0.793720f, -0.608278f, -0.002434f, 0.549811f,
	-0.436082f, -0.571808f, 0.694887f, -0.026320f
	},
	{
	0.095576f, -0.688287f, -0.719115f, 0.239815f,
	0.990143f, 0.140035f, -0.002434f, 0.337323f,
	0.102376f, -0.711794f, 0.694887f, 0.090425f
	},
	{
	-0.639409f, -0.240643f, -0.730237f, 0.220553f,
	0.344161f, -0.938876f, 0.008043f, 0.137774f,
	-0.687538f, -0.246177f, 0.683146f, 0.069792f
	},
	{
	0.009565f, -0.724247f, -0.689474f, -0.000043f,
	-0.971057f, -0.171288f, 0.166456f, 0.969651f,
	-0.238654f, 0.667927f, -0.704924f, 0.060227f
	},
	{
	-0.000002f, 0.000096f, -1.000000f, -0.000049f,
	-0.999769f, -0.021496f, 0.000000f, 0.506900f,
	-0.021496f, 0.999769f, 0.000096f, -0.001556f
	},
	{
	-0.000022f, 0.000093f, -1.000000f, -0.000048f,
	-0.973552f, -0.228467f, 0.000000f, 0.711396f,
	-0.228467f, 0.973552f, 0.000096f, 0.002841f
	},
	{
	0.873416f, 0.081818f, -0.480053f, -0.237679f,
	0.324970f, 0.636253f, 0.699697f, 0.914474f,
	0.362683f, -0.767129f, 0.529125f, 0.019624f
	},
	{
	0.283097f, -0.830304f, -0.480053f, -0.408449f,
	0.694465f, -0.167758f, 0.699697f, 0.850936f,
	-0.661494f, -0.531462f, 0.529125f, -0.051288f
	},
	{
	-0.050313f, -0.869561f, -0.491256f, -0.459542f,
	0.422530f, -0.464224f, 0.778437f, 0.725599f,
	-0.904951f, -0.168405f, 0.390772f, 0.068098f
	},
	{
	-0.050312f, -0.869561f, -0.491256f, -0.459542f,
	0.422530f, -0.464224f, 0.778437f, 0.725599f,
	-0.904951f, -0.168406f, 0.390772f, 0.068098f
	},
	{
	-0.869688f, -0.091481f, -0.485051f, 0.237585f,
	0.389185f, 0.477346f, -0.787829f, 0.917403f,
	0.303609f, -0.873940f, -0.379539f, 0.020265f
	},
	{
	-0.260182f, 0.834884f, -0.485051f, 0.407627f,
	0.544374f, -0.288066f, -0.787830f, 0.841309f,
	-0.797473f, -0.469028f, -0.379539f, -0.039096f
	},
	{
	0.011069f, 0.874416f, -0.485052f, 0.454584f,
	0.428448f, -0.442445f, -0.787830f, 0.743061f,
	-0.903499f, -0.199099f, -0.379539f, 0.104832f
	},
	{
	0.011069f, 0.874416f, -0.485052f, 0.454585f,
	0.428448f, -0.442445f, -0.787830f, 0.743061f,
	-0.903499f, -0.199099f, -0.379539f, 0.104832f
	},
	{
	0.489938f, 0.739711f, -0.461290f, -0.126387f,
	0.840367f, -0.541473f, 0.024267f, 0.546512f,
	-0.231825f, -0.399542f, -0.886917f, -0.024761f
	},
	{
	-0.341396f, 0.818939f, -0.461290f, -0.257549f,
	0.917808f, 0.396281f, 0.024267f, 0.321535f,
	0.202674f, -0.415091f, -0.886918f, 0.037301f
	},
	{
	0.837612f, 0.297074f, -0.458425f, -0.188746f,
	0.343503f, -0.938956f, 0.019160f, 0.136564f,
	-0.424749f, -0.173519f, -0.888526f, -0.003545f
	},
	{
	-0.431761f, -0.544008f, -0.719471f, 0.126285f,
	0.785723f, -0.618567f, -0.003808f, 0.546512f,
	-0.442969f, -0.566949f, 0.694512f, -0.024786f
	},
	{
	0.106194f, -0.686356f, -0.719471f, 0.241873f,
	0.987623f, 0.156798f, -0.003808f, 0.336164f,
	0.115425f, -0.710162f, 0.694512f, 0.093803f
	},
	{
	-0.640164f, -0.240605f, -0.729589f, 0.220471f,
	0.342935f, -0.939317f, 0.008868f, 0.137123f,
	-0.687449f, -0.244525f, 0.683828f, 0.070540f
	},
	{
	0.013514f, -0.671007f, -0.741328f, -0.000043f,
	-0.974884f, -0.173671f, 0.139425f, 0.966171f,
	-0.222302f, 0.720825f, -0.656501f, 0.062630f
	},
	{
	-0.000002f, 0.000096f, -1.000000f, -0.000049f,
	-0.999719f, -0.023724f, 0.000000f, 0.503477f,
	-0.023724f, 0.999718f, 0.000096f, 0.000000f
	},
	{
	-0.000022f, 0.000093f, -1.000000f, -0.000048f,
	-0.973040f, -0.230636f, 0.000000f, 0.707963f,
	-0.230636f, 0.973040f, 0.000096f, 0.004853f
	},
	{
	0.863790f, 0.094708f, -0.494872f, -0.237679f,
	0.324884f, 0.646034f, 0.690717f, 0.911003f,
	0.385121f, -0.757410f, 0.527268f, 0.022088f
	},
	{
	0.287318f, -0.820092f, -0.494872f, -0.406567f,
	0.702711f, -0.170609f, 0.690717f, 0.847482f,
	-0.650881f, -0.546207f, 0.527268f, -0.053211f
	},
	{
	-0.047601f, -0.862059f, -0.504568f, -0.458422f,
	0.425552f, -0.474506f, 0.770551f, 0.720657f,
	-0.903681f, -0.178041f, 0.389438f, 0.064260f
	},
	{
	-0.047600f, -0.862059f, -0.504568f, -0.458422f,
	0.425553f, -0.474506f, 0.770551f, 0.720657f,
	-0.903681f, -0.178042f, 0.389439f, 0.064260f
	},
	{
	-0.865218f, -0.104813f, -0.490319f, 0.237585f,
	0.384051f, 0.490143f, -0.782473f, 0.913930f,
	0.322340f, -0.865317f, -0.383827f, 0.022736f
	},
	{
	-0.273589f, 0.827488f, -0.490319f, 0.406753f,
	0.556325f, -0.279710f, -0.782473f, 0.838840f,
	-0.784634f, -0.486853f, -0.383827f, -0.040288f
	},
	{
	0.015181f, 0.871411f, -0.490319f, 0.456130f,
	0.432665f, -0.447814f, -0.782473f, 0.738435f,
	-0.901427f, -0.200265f, -0.383827f, 0.101323f
	},
	{
	0.015181f, 0.871411f, -0.490319f, 0.456131f,
	0.432665f, -0.447814f, -0.782474f, 0.738435f,
	-0.901427f, -0.200265f, -0.383827f, 0.101323f
	},
	{
	0.500141f, 0.732798f, -0.461374f, -0.126387f,
	0.833295f, -0.552205f, 0.026247f, 0.543141f,
	-0.235539f, -0.397588f, -0.886817f, -0.023117f
	},
	{
	-0.353026f, 0.813945f, -0.461374f, -0.260281f,
	0.911593f, 0.410255f, 0.026247f, 0.320057f,
	0.210645f, -0.411319f, -0.886817f, 0.039939f
	},
	{
	0.838447f, 0.296449f, -0.457301f, -0.189133f,
	0.342446f, -0.939347f, 0.018923f, 0.136339f,
	-0.423954f, -0.172467f, -0.889111f, -0.002513f
	},
	{
	-0.440466f, -0.536570f, -0.719780f, 0.126285f,
	0.776399f, -0.630219f, -0.005309f, 0.543141f,
	-0.450771f, -0.561175f, 0.694182f, -0.023141f
	},
	{
	0.118271f, -0.684053f, -0.719780f, 0.244203f,
	0.984414f, 0.175788f, -0.005309f, 0.335289f,
	0.130160f, -0.707933f, 0.694182f, 0.097535f
	},
	{
	-0.641122f, -0.240588f, -0.728752f, 0.220367f,
	0.341473f, -0.939840f, 0.009864f, 0.136894f,
	-0.687284f, -0.242525f, 0.684706f, 0.071303f
	},
	{
	0.017767f, -0.608219f, -0.793571f, -0.000043f,
	-0.978831f, -0.172438f, 0.110248f, 0.962604f,
	-0.203897f, 0.774813f, -0.598407f, 0.065209f
	},
	{
	-0.000002f, 0.000096f, -1.000000f, -0.000049f,
	-0.999660f, -0.026070f, 0.000000f, 0.498498f,
	-0.026070f, 0.999660f, 0.000096f, 0.000000f
	},
	{
	-0.000022f, 0.000093f, -1.000000f, -0.000048f,
	-0.972496f, -0.232919f, 0.000000f, 0.702972f,
	-0.232919f, 0.972496f, 0.000096f, 0.005333f
	},
	{
	0.852799f, 0.109164f, -0.510702f, -0.237679f,
	0.323830f, 0.656670f, 0.681116f, 0.905972f,
	0.409716f, -0.746236f, 0.524657f, 0.023044f
	},
	{
	0.292382f, -0.808515f, -0.510702f, -0.404418f,
	0.711457f, -0.172947f, 0.681116f, 0.842656f,
	-0.639016f, -0.562488f, 0.524657f, -0.057063f
	},
	{
	-0.043952f, -0.853848f, -0.518664f, -0.457187f,
	0.428760f, -0.485043f, 0.762166f, 0.714253f,
	-0.902348f, -0.188883f, 0.387414f, 0.058266f
	},
	{
	-0.043952f, -0.853848f, -0.518664f, -0.457187f,
	0.428760f, -0.485043f, 0.762166f, 0.714253f,
	-0.902348f, -0.188884f, 0.387415f, 0.058267f
	},
	{
	-0.860128f, -0.119550f, -0.495870f, 0.237585f,
	0.377759f, 0.503941f, -0.776750f, 0.908897f,
	0.342750f, -0.855424f, -0.388293f, 0.023699f
	},
	{
	-0.288266f, 0.819155f, -0.495870f, 0.405758f,
	0.569017f, -0.269960f, -0.776750f, 0.835037f,
	-0.770144f, -0.506069f, -0.388293f, -0.043315f
	},
	{
	0.019507f, 0.868178f, -0.495871f, 0.457784f,
	0.437062f, -0.453471f, -0.776750f, 0.732341f,
	-0.899220f, -0.201575f, -0.388293f, 0.095681f
	},
	{
	0.019507f, 0.868178f, -0.495871f, 0.457784f,
	0.437062f, -0.453471f, -0.776750f, 0.732341f,
	-0.899220f, -0.201575f, -0.388293f, 0.095681f
	},
	{
	0.511243f, 0.725087f, -0.461388f, -0.126387f,
	0.825363f, -0.563889f, 0.028376f, 0.538216f,
	-0.239597f, -0.395320f, -0.886744f, -0.023024f
	},
	{
	-0.365732f, 0.808307f, -0.461388f, -0.263253f,
	0.904529f, 0.425467f, 0.028376f, 0.317256f,
	0.219242f, -0.406961f, -0.886744f, 0.041119f
	},
	{
	0.839399f, 0.295791f, -0.455979f, -0.189545f,
	0.341279f, -0.939777f, 0.018622f, 0.134961f,
	-0.423010f, -0.171247f, -0.889795f, -0.003066f
	},
	{
	-0.449915f, -0.528322f, -0.720036f, 0.126285f,
	0.765951f, -0.642861f, -0.006910f, 0.538216f,
	-0.459233f, -0.554621f, 0.693902f, -0.023048f
	},
	{
	0.131549f, -0.681354f, -0.720036f, 0.246733f,
	0.980460f, 0.196599f, -0.006910f, 0.333162f,
	0.146266f, -0.705057f, 0.693902f, 0.099894f
	},
	{
	-0.642243f, -0.240661f, -0.727741f, 0.220221f,
	0.339931f, -0.940386f, 0.010987f, 0.135564f,
	-0.687001f, -0.240325f, 0.685764f, 0.070416f
	},
	{
	0.022251f, -0.535418f, -0.844294f, -0.000043f,
	-0.982766f, -0.166726f, 0.079831f, 0.957471f,
	-0.183509f, 0.827967f, -0.529900f, 0.066287f
	},
	{
	-0.000003f, 0.000096f, -1.000000f, -0.000049f,
	-0.999594f, -0.028498f, 0.000000f, 0.493519f,
	-0.028498f, 0.999594f, 0.000096f, 0.000000f
	},
	{
	-0.000023f, 0.000093f, -1.000000f, -0.000048f,
	-0.971928f, -0.235280f, 0.000000f, 0.697980f,
	-0.235280f, 0.971928f, 0.000096f, 0.005829f
	},
	{
	0.840596f, 0.124897f, -0.527067f, -0.237679f,
	0.321604f, 0.667896f, 0.671182f, 0.900936f,
	0.435855f, -0.733699f, 0.521263f, 0.024034f
	},
	{
	0.298249f, -0.795769f, -0.527067f, -0.402032f,
	0.720455f, -0.174526f, 0.671182f, 0.838056f,
	-0.626092f, -0.579907f, 0.521263f, -0.061185f
	},
	{
	-0.039333f, -0.845142f, -0.533093f, -0.455860f,
	0.432106f, -0.495428f, 0.753548f, 0.708028f,
	-0.900965f, -0.200713f, 0.384677f, 0.051813f
	},
	{
	-0.039333f, -0.845142f, -0.533093f, -0.455860f,
	0.432106f, -0.495428f, 0.753548f, 0.708028f,
	-0.900964f, -0.200714f, 0.384678f, 0.051813f
	},
	{
	-0.854476f, -0.135309f, -0.501560f, 0.237586f,
	0.370358f, 0.518366f, -0.770799f, 0.903859f,
	0.364287f, -0.844386f, -0.392819f, 0.024696f
	},
	{
	-0.303828f, 0.810016f, -0.501560f, 0.404653f,
	0.582079f, -0.258945f, -0.770799f, 0.831447f,
	-0.754236f, -0.526138f, -0.392819f, -0.046530f
	},
	{
	0.023924f, 0.864792f, -0.501560f, 0.459488f,
	0.441530f, -0.459260f, -0.770799f, 0.726393f,
	-0.896928f, -0.203014f, -0.392819f, 0.089595f
	},
	{
	0.023924f, 0.864792f, -0.501560f, 0.459488f,
	0.441530f, -0.459260f, -0.770799f, 0.726393f,
	-0.896928f, -0.203014f, -0.392819f, 0.089595f
	},
	{
	0.522935f, 0.716731f, -0.461342f, -0.126387f,
	0.816737f, -0.576197f, 0.030610f, 0.533293f,
	-0.243885f, -0.392802f, -0.886694f, -0.022928f
	},
	{
	-0.379237f, 0.802087f, -0.461342f, -0.266383f,
	0.896701f, 0.441578f, 0.030610f, 0.314643f,
	0.228270f, -0.402077f, -0.886694f, 0.042363f
	},
	{
	0.840423f, 0.295171f, -0.454493f, -0.189953f,
	0.340104f, -0.940210f, 0.018281f, 0.133925f,
	-0.421923f, -0.169938f, -0.890563f, -0.003641f
	},
	{
	-0.459841f, -0.519431f, -0.720235f, 0.126285f,
	0.754601f, -0.656128f, -0.008584f, 0.533293f,
	-0.468107f, -0.547437f, 0.693677f, -0.022952f
	},
	{
	0.145775f, -0.678242f, -0.720235f, 0.249390f,
	0.975725f, 0.218829f, -0.008584f, 0.331277f,
	0.163430f, -0.701500f, 0.693677f, 0.102366f
	},
	{
	-0.643480f, -0.240893f, -0.726569f, 0.220011f,
	0.338469f, -0.940898f, 0.012191f, 0.134634f,
	-0.686565f, -0.238077f, 0.686985f, 0.069429f
	},
	{
	0.026916f, -0.452282f, -0.891469f, -0.000043f,
	-0.986565f, -0.155771f, 0.049243f, 0.952330f,
	-0.161136f, 0.878166f, -0.450398f, 0.067401f
	},
	{
	-0.000003f, 0.000096f, -1.000000f, -0.000049f,
	-0.999520f, -0.030967f, 0.000000f, 0.488540f,
	-0.030967f, 0.999520f, 0.000096f, 0.000000f
	},
	{
	-0.000023f, 0.000093f, -1.000000f, -0.000048f,
	-0.971344f, -0.237680f, 0.000000f, 0.692986f,
	-0.237680f, 0.971343f, 0.000096f, 0.006334f
	},
	{
	0.827372f, 0.141637f, -0.543502f, -0.237678f,
	0.318040f, 0.679445f, 0.661215f, 0.895896f,
	0.462932f, -0.719926f, 0.517107f, 0.025040f
	},
	{
	0.304893f, -0.782078f, -0.543502f, -0.399446f,
	0.729469f, -0.175126f, 0.661215f, 0.833713f,
	-0.612303f, -0.598067f, 0.517107f, -0.065472f
	},
	{
	-0.033722f, -0.836182f, -0.547414f, -0.454473f,
	0.435564f, -0.505270f, 0.744974f, 0.702059f,
	-0.899526f, -0.213311f, 0.381249f, 0.045036f
	},
	{
	-0.033722f, -0.836182f, -0.547414f, -0.454473f,
	0.435564f, -0.505269f, 0.744974f, 0.702059f,
	-0.899525f, -0.213312f, 0.381250f, 0.045036f
	},
	{
	-0.848348f, -0.151718f, -0.507236f, 0.237586f,
	0.361929f, 0.533051f, -0.764764f, 0.898818f,
	0.386411f, -0.832369f, -0.397301f, 0.025709f
	},
	{
	-0.319909f, 0.800231f, -0.507236f, 0.403455f,
	0.595157f, -0.246828f, -0.764764f, 0.828054f,
	-0.737188f, -0.546540f, -0.397301f, -0.049842f
	},
	{
	0.028313f, 0.861342f, -0.507236f, 0.461192f,
	0.445972f, -0.465021f, -0.764764f, 0.720640f,
	-0.894599f, -0.204561f, -0.397301f, 0.083206f
	},
	{
	0.028313f, 0.861342f, -0.507236f, 0.461192f,
	0.445972f, -0.465021f, -0.764764f, 0.720640f,
	-0.894599f, -0.204561f, -0.397301f, 0.083206f
	},
	{
	0.534915f, 0.707897f, -0.461245f, -0.126387f,
	0.807599f, -0.588813f, 0.032908f, 0.528371f,
	-0.248291f, -0.390104f, -0.886662f, -0.022829f
	},
	{
	-0.393265f, 0.795359f, -0.461245f, -0.269590f,
	0.888209f, 0.458258f, 0.032908f, 0.312167f,
	0.237543f, -0.396740f, -0.886662f, 0.043641f
	},
	{
	0.841472f, 0.294662f, -0.452879f, -0.190333f,
	0.339023f, -0.940607f, 0.017924f, 0.133161f,
	-0.420700f, -0.168619f, -0.891392f, -0.004232f
	},
	{
	-0.469986f, -0.510078f, -0.720370f, 0.126285f,
	0.742588f, -0.669669f, -0.010305f, 0.528371f,
	-0.477153f, -0.539782f, 0.693513f, -0.022853f
	},
	{
	0.160700f, -0.674716f, -0.720370f, 0.252106f,
	0.970202f, 0.242079f, -0.010305f, 0.329571f,
	0.181339f, -0.697249f, 0.693513f, 0.104886f
	},
	{
	-0.644785f, -0.241363f, -0.725256f, 0.219719f,
	0.337256f, -0.941317f, 0.013433f, 0.134040f,
	-0.685938f, -0.235936f, 0.688348f, 0.068340f
	},
	{
	0.031532f, -0.359908f, -0.932455f, -0.000042f,
	-0.990043f, -0.139293f, 0.020285f, 0.947183f,
	-0.137185f, 0.922531f, -0.360717f, 0.068534f
	},
	{
	-0.000003f, 0.000096f, -1.000000f, -0.000049f,
	-0.999441f, -0.033438f, 0.000000f, 0.483562f,
	-0.033438f, 0.999441f, 0.000096f, 0.001867f
	},
	{
	-0.000023f, 0.000093f, -1.000000f, -0.000048f,
	-0.970753f, -0.240081f, 0.000000f, 0.687991f,
	-0.240081f, 0.970753f, 0.000096f, 0.008707f
	},
	{
	0.813370f, 0.159138f, -0.559557f, -0.237678f,
	0.313010f, 0.691045f, 0.651523f, 0.890855f,
	0.490361f, -0.705076f, 0.512264f, 0.027914f
	},
	{
	0.312302f, -0.767700f, -0.559557f, -0.396709f,
	0.738276f, -0.174546f, 0.651523f, 0.829655f,
	-0.597842f, -0.616579f, 0.512264f, -0.067961f
	},
	{
	-0.027116f, -0.827234f, -0.561202f, -0.453073f,
	0.439130f, -0.514196f, 0.736727f, 0.696411f,
	-0.898014f, -0.226464f, 0.377206f, 0.039938f
	},
	{
	-0.027115f, -0.827234f, -0.561202f, -0.453073f,
	0.439131f, -0.514195f, 0.736727f, 0.696411f,
	-0.898014f, -0.226465f, 0.377207f, 0.039938f
	},
	{
	-0.841861f, -0.168418f, -0.512742f, 0.237586f,
	0.352591f, 0.547643f, -0.758793f, 0.893775f,
	0.408594f, -0.819587f, -0.401657f, 0.028591f
	},
	{
	-0.336162f, 0.789994f, -0.512742f, 0.402187f,
	0.607920f, -0.233806f, -0.758793f, 0.824836f,
	-0.719324f, -0.566784f, -0.401657f, -0.051297f
	},
	{
	0.032563f, 0.857925f, -0.512743f, 0.462857f,
	0.450311f, -0.470588f, -0.758793f, 0.715119f,
	-0.892278f, -0.206185f, -0.401657f, 0.078526f
	},
	{
	0.032563f, 0.857925f, -0.512743f, 0.462857f,
	0.450311f, -0.470588f, -0.758793f, 0.715119f,
	-0.892278f, -0.206185f, -0.401657f, 0.078526f
	},
	{
	0.546895f, 0.698775f, -0.461106f, -0.126387f,
	0.798151f, -0.601427f, 0.035227f, 0.523448f,
	-0.252706f, -0.387298f, -0.886645f, -0.020864f
	},
	{
	-0.407551f, 0.788216f, -0.461106f, -0.272797f,
	0.879177f, 0.475191f, 0.035227f, 0.309774f,
	0.246880f, -0.391037f, -0.886645f, 0.046789f
	},
	{
	0.842497f, 0.294344f, -0.451176f, -0.190661f,
	0.338144f, -0.940930f, 0.017573f, 0.132588f,
	-0.419353f, -0.167368f, -0.892262f, -0.002966f
	},
	{
	-0.480111f, -0.500463f, -0.720438f, 0.126285f,
	0.730179f, -0.683150f, -0.012043f, 0.523448f,
	-0.486140f, -0.531830f, 0.693415f, -0.020888f
	},
	{
	0.176085f, -0.670793f, -0.720438f, 0.254817f,
	0.963908f, 0.265963f, -0.012043f, 0.327971f,
	0.199688f, -0.692315f, 0.693415f, 0.109258f
	},
	{
	-0.646099f, -0.242158f, -0.723820f, 0.219329f,
	0.336466f, -0.941581f, 0.014673f, 0.133709f,
	-0.685088f, -0.234061f, 0.689833f, 0.069013f
	},
	{
	0.036161f, -0.261068f, -0.964643f, -0.000042f,
	-0.992989f, -0.118091f, -0.005264f, 0.942034f,
	-0.112542f, 0.958070f, -0.263508f, 0.071535f
	},
	{
	-0.000003f, 0.000096f, -1.000000f, -0.000049f,
	-0.999356f, -0.035874f, 0.000000f, 0.478583f,
	-0.035874f, 0.999356f, 0.000096f, 0.003008f
	},
	{
	-0.000023f, 0.000093f, -1.000000f, -0.000048f,
	-0.970165f, -0.242447f, 0.000000f, 0.682995f,
	-0.242447f, 0.970165f, 0.000096f, 0.010346f
	},
	{
	0.798881f, 0.177180f, -0.574801f, -0.237678f,
	0.306434f, 0.702427f, 0.642413f, 0.885811f,
	0.517579f, -0.689350f, 0.506861f, 0.030048f
	},
	{
	0.320483f, -0.752924f, -0.574801f, -0.393875f,
	0.746665f, -0.172616f, 0.642413f, 0.825897f,
	-0.582908f, -0.635067f, 0.506861f, -0.071149f
	},
	{
	-0.019527f, -0.818586f, -0.574051f, -0.451716f,
	0.442820f, -0.521856f, 0.729093f, 0.691139f,
	-0.896398f, -0.239965f, 0.372676f, 0.034054f
	},
	{
	-0.019526f, -0.818586f, -0.574051f, -0.451716f,
	0.442820f, -0.521855f, 0.729093f, 0.691139f,
	-0.896397f, -0.239965f, 0.372677f, 0.034054f
	},
	{
	-0.835171f, -0.185064f, -0.517920f, 0.237586f,
	0.342496f, 0.561810f, -0.753038f, 0.888729f,
	0.430333f, -0.806301f, -0.405823f, 0.030732f
	},
	{
	-0.352264f, 0.779531f, -0.517920f, 0.400879f,
	0.620067f, -0.220115f, -0.753038f, 0.821765f,
	-0.701019f, -0.586413f, -0.405823f, -0.053407f
	},
	{
	0.036571f, 0.854647f, -0.517920f, 0.464455f,
	0.454484f, -0.475793f, -0.753038f, 0.709855f,
	-0.890004f, -0.207847f, -0.405823f, 0.073113f
	},
	{
	0.036571f, 0.854647f, -0.517920f, 0.464455f,
	0.454484f, -0.475793f, -0.753038f, 0.709855f,
	-0.890004f, -0.207847f, -0.405823f, 0.073113f
	},
	{
	0.558597f, 0.689570f, -0.460936f, -0.126387f,
	0.788612f, -0.613745f, 0.037525f, 0.518525f,
	-0.257021f, -0.384462f, -0.886639f, -0.019625f
	},
	{
	-0.421840f, 0.780762f, -0.460936f, -0.275930f,
	0.869746f, 0.492072f, 0.037525f, 0.307404f,
	0.256112f, -0.385068f, -0.886639f, 0.049182f
	},
	{
	0.843447f, 0.294301f, -0.449427f, -0.190914f,
	0.337579f, -0.941139f, 0.017250f, 0.132119f,
	-0.417897f, -0.166266f, -0.893150f, -0.002433f
	},
	{
	-0.489990f, -0.490804f, -0.720431f, 0.126285f,
	0.717661f, -0.696257f, -0.013770f, 0.518525f,
	-0.494847f, -0.523772f, 0.693390f, -0.019650f
	},
	{
	0.191704f, -0.666504f, -0.720431f, 0.257461f,
	0.956894f, 0.290112f, -0.013770f, 0.326399f,
	0.218183f, -0.686736f, 0.693389f, 0.112827f
	},
	{
	-0.647361f, -0.243373f, -0.722283f, 0.218826f,
	0.336288f, -0.941625f, 0.015875f, 0.133550f,
	-0.683984f, -0.232618f, 0.691415f, 0.068855f
	},
	{
	0.041126f, -0.158221f, -0.986547f, -0.000042f,
	-0.995287f, -0.093271f, -0.026532f, 0.936884f,
	-0.087818f, 0.982989f, -0.161311f, 0.073793f
	},
	{
	-0.000004f, 0.000096f, -1.000000f, -0.000049f,
	-0.999269f, -0.038236f, 0.000000f, 0.473604f,
	-0.038236f, 0.999269f, 0.000096f, 0.003838f
	},
	{
	-0.000023f, 0.000093f, -1.000000f, -0.000048f,
	-0.969589f, -0.244739f, 0.000000f, 0.677999f,
	-0.244739f, 0.969589f, 0.000096f, 0.011659f
	},
	{
	0.784240f, 0.195581f, -0.588826f, -0.237678f,
	0.298271f, 0.713326f, 0.634192f, 0.880768f,
	0.544061f, -0.672988f, 0.501083f, 0.031840f
	},
	{
	0.329461f, -0.738065f, -0.588826f, -0.391013f,
	0.754437f, -0.169188f, 0.634192f, 0.822450f,
	-0.567697f, -0.653173f, 0.501083f, -0.074535f
	},
	{
	-0.010983f, -0.810543f, -0.585575f, -0.450474f,
	0.446664f, -0.527916f, 0.722354f, 0.686289f,
	-0.894634f, -0.253622f, 0.367839f, 0.027923f
	},
	{
	-0.010983f, -0.810543f, -0.585575f, -0.450474f,
	0.446665f, -0.527916f, 0.722354f, 0.686289f,
	-0.894634f, -0.253622f, 0.367840f, 0.027924f
	},
	{
	-0.828462f, -0.201330f, -0.522605f, 0.237586f,
	0.331835f, 0.575241f, -0.747651f, 0.883684f,
	0.451149f, -0.792820f, -0.409758f, 0.032531f
	},
	{
	-0.367920f, 0.769103f, -0.522605f, 0.399567f,
	0.631327f, -0.206018f, -0.747652f, 0.818804f,
	-0.682687f, -0.605010f, -0.409758f, -0.055678f
	},
	{
	0.040243f, 0.851625f, -0.522605f, 0.465969f,
	0.458444f, -0.480465f, -0.747652f, 0.704862f,
	-0.887812f, -0.209498f, -0.409758f, 0.067534f
	},
	{
	0.040243f, 0.851625f, -0.522605f, 0.465969f,
	0.458444f, -0.480465f, -0.747652f, 0.704862f,
	-0.887812f, -0.209498f, -0.409758f, 0.067534f
	},
	{
	0.569758f, 0.680507f, -0.460746f, -0.126387f,
	0.779221f, -0.625486f, 0.039762f, 0.513600f,
	-0.261132f, -0.381678f, -0.886641f, -0.018701f
	},
	{
	-0.435893f, 0.773117f, -0.460746f, -0.278918f,
	0.860074f, 0.508617f, 0.039762f, 0.304993f,
	0.265084f, -0.378944f, -0.886641f, 0.051207f
	},
	{
	0.844264f, 0.294625f, -0.447677f, -0.191070f,
	0.337450f, -0.941190f, 0.016973f, 0.131657f,
	-0.416348f, -0.165398f, -0.894034f, -0.002217f
	},
	{
	-0.499415f, -0.481338f, -0.720346f, 0.126285f,
	0.705342f, -0.708699f, -0.015457f, 0.513600f,
	-0.503068f, -0.515810f, 0.693442f, -0.018725f
	},
	{
	0.207274f, -0.661920f, -0.720346f, 0.259984f,
	0.949272f, 0.314077f, -0.015457f, 0.324771f,
	0.236475f, -0.680600f, 0.693442f, 0.115952f
	},
	{
	-0.648522f, -0.245047f, -0.720673f, 0.218211f,
	0.336820f, -0.941415f, 0.017006f, 0.133459f,
	-0.682621f, -0.231709f, 0.693066f, 0.068294f
	},
	{
	0.046505f, -0.054193f, -0.997447f, -0.000042f,
	-0.996887f, -0.066167f, -0.042884f, 0.931736f,
	-0.063674f, 0.996336f, -0.057101f, 0.075706f
	},
	{
	-0.000004f, 0.000096f, -1.000000f, -0.000049f,
	-0.999180f, -0.040484f, 0.000000f, 0.468937f,
	-0.040484f, 0.999180f, 0.000096f, 0.006016f
	},
	{
	-0.000024f, 0.000093f, -1.000000f, -0.000048f,
	-0.969036f, -0.246920f, 0.000000f, 0.673313f,
	-0.246920f, 0.969036f, 0.000096f, 0.014297f
	},
	{
	0.769831f, 0.214170f, -0.601242f, -0.237678f,
	0.288535f, 0.723482f, 0.627154f, 0.876036f,
	0.569305f, -0.656281f, 0.495163f, 0.034934f
	},
	{
	0.339257f, -0.723473f, -0.601242f, -0.388195f,
	0.761401f, -0.164154f, 0.627154f, 0.819622f,
	-0.552425f, -0.670552f, 0.495163f, -0.076376f
	},
	{
	-0.001549f, -0.803419f, -0.595412f, -0.449425f,
	0.450696f, -0.532072f, 0.716779f, 0.682204f,
	-0.892676f, -0.267239f, 0.362922f, 0.023326f
	},
	{
	-0.001549f, -0.803419f, -0.595412f, -0.449424f,
	0.450696f, -0.532072f, 0.716779f, 0.682204f,
	-0.892676f, -0.267240f, 0.362922f, 0.023326f
	},
	{
	-0.821956f, -0.216909f, -0.526630f, 0.237586f,
	0.320828f, 0.587653f, -0.742787f, 0.878951f,
	0.470593f, -0.779496f, -0.413435f, 0.035632f
	},
	{
	-0.382862f, 0.758998f, -0.526630f, 0.398295f,
	0.641465f, -0.191808f, -0.742787f, 0.816222f,
	-0.664785f, -0.622199f, -0.413435f, -0.056379f
	},
	{
	0.043492f, 0.848981f, -0.526630f, 0.467394f,
	0.462161f, -0.484433f, -0.742787f, 0.700451f,
	-0.885729f, -0.211082f, -0.413435f, 0.063602f
	},
	{
	0.043492f, 0.848981f, -0.526630f, 0.467394f,
	0.462161f, -0.484433f, -0.742787f, 0.700451f,
	-0.885729f, -0.211082f, -0.413435f, 0.063602f
	},
	{
	0.580129f, 0.671825f, -0.460545f, -0.126387f,
	0.770233f, -0.636385f, 0.041896f, 0.508983f,
	-0.264937f, -0.379032f, -0.886647f, -0.016433f
	},
	{
	-0.449471f, 0.765424f, -0.460545f, -0.281694f,
	0.850349f, 0.524548f, 0.041896f, 0.302782f,
	0.273646f, -0.372793f, -0.886647f, 0.054494f
	},
	{
	0.844893f, 0.295403f, -0.445973f, -0.191110f,
	0.337867f, -0.941045f, 0.016759f, 0.131406f,
	-0.414730f, -0.164840f, -0.894889f, -0.000655f
	},
	{
	-0.508197f, -0.472314f, -0.720177f, 0.126285f,
	0.693551f, -0.720205f, -0.017075f, 0.508983f,
	-0.510611f, -0.508157f, 0.693580f, -0.016457f
	},
	{
	0.221686f, -0.657419f, -0.720177f, 0.262335f,
	0.941626f, 0.336228f, -0.017075f, 0.323311f,
	0.253369f, -0.674352f, 0.693580f, 0.120240f
	},
	{
	-0.649813f, -0.246388f, -0.719052f, 0.217658f,
	0.336965f, -0.941345f, 0.018040f, 0.133539f,
	-0.681321f, -0.230573f, 0.694721f, 0.069176f
	},
	{
	0.052135f, 0.048078f, -0.997482f, -0.000042f,
	-0.997808f, -0.038258f, -0.053996f, 0.926906f,
	-0.040758f, 0.998111f, 0.045978f, 0.078915f
	},
	{
	-0.000004f, 0.000096f, -1.000000f, -0.000049f,
	-0.999093f, -0.042581f, 0.000000f, 0.466447f,
	-0.042581f, 0.999093f, 0.000096f, 0.006016f
	},
	{
	-0.000024f, 0.000093f, -1.000000f, -0.000048f,
	-0.968516f, -0.248953f, 0.000000f, 0.670806f,
	-0.248953f, 0.968516f, 0.000096f, 0.014726f
	},
	{
	0.756498f, 0.231300f, -0.611728f, -0.237678f,
	0.278519f, 0.732363f, 0.621346f, 0.873485f,
	0.591724f, -0.640425f, 0.489610f, 0.035789f
	},
	{
	0.348484f, -0.710175f, -0.611728f, -0.385589f,
	0.767296f, -0.158699f, 0.621346f, 0.819029f,
	-0.538345f, -0.685906f, 0.489610f, -0.079905f
	},
	{
	0.007172f, -0.797320f, -0.603514f, -0.448483f,
	0.454244f, -0.535069f, 0.712294f, 0.680547f,
	-0.890848f, -0.279251f, 0.358341f, 0.017255f
	},
	{
	0.007172f, -0.797320f, -0.603514f, -0.448483f,
	0.454245f, -0.535069f, 0.712294f, 0.680547f,
	-0.890848f, -0.279252f, 0.358341f, 0.017255f
	},
	{
	-0.815896f, -0.231512f, -0.529826f, 0.237586f,
	0.309722f, 0.598788f, -0.738597f, 0.876398f,
	0.488247f, -0.766717f, -0.416845f, 0.036492f
	},
	{
	-0.396848f, 0.749531f, -0.529826f, 0.397110f,
	0.650279f, -0.177799f, -0.738597f, 0.815841f,
	-0.647803f, -0.637645f, -0.416845f, -0.058970f
	},
	{
	0.046243f, 0.846845f, -0.529826f, 0.468734f,
	0.465611f, -0.487526f, -0.738597f, 0.698479f,
	-0.883780f, -0.212538f, -0.416845f, 0.057945f
	},
	{
	0.046243f, 0.846845f, -0.529826f, 0.468734f,
	0.465611f, -0.487526f, -0.738597f, 0.698479f,
	-0.883780f, -0.212538f, -0.416845f, 0.057945f
	},
	{
	0.589474f, 0.663779f, -0.460346f, -0.126387f,
	0.761915f, -0.646188f, 0.043887f, 0.506540f,
	-0.268338f, -0.376615f, -0.886654f, -0.016349f
	},
	{
	-0.461416f, 0.758404f, -0.460346f, -0.284196f,
	0.841436f, 0.538572f, 0.043887f, 0.302567f,
	0.281214f, -0.367101f, -0.886654f, 0.055489f
	},
	{
	0.845622f, 0.295690f, -0.444400f, -0.191204f,
	0.337792f, -0.941074f, 0.016601f, 0.132987f,
	-0.413305f, -0.164153f, -0.895675f, -0.001186f
	},
	{
	-0.516162f, -0.463996f, -0.719919f, 0.126285f,
	0.682632f, -0.730526f, -0.018596f, 0.506540f,
	-0.517291f, -0.501038f, 0.693809f, -0.016373f
	},
	{
	0.234495f, -0.653244f, -0.719919f, 0.264468f,
	0.934342f, 0.355894f, -0.018596f, 0.323792f,
	0.268362f, -0.668290f, 0.693808f, 0.122112f
	},
	{
	-0.651240f, -0.247235f, -0.717468f, 0.217209f,
	0.336531f, -0.941481f, 0.018961f, 0.135488f,
	-0.680171f, -0.229102f, 0.696332f, 0.068027f
	},
	{
	0.057630f, 0.145813f, -0.987632f, -0.000042f,
	-0.998144f, -0.011065f, -0.059877f, 0.924263f,
	-0.019659f, 0.989250f, 0.144905f, 0.079876f
	},
	{
	-0.000004f, 0.000096f, -1.000000f, -0.000049f,
	-0.999010f, -0.044487f, 0.000000f, 0.461676f,
	-0.044487f, 0.999010f, 0.000096f, 0.008298f
	},
	{
	-0.000024f, 0.000093f, -1.000000f, -0.000048f,
	-0.968039f, -0.250800f, 0.000000f, 0.666017f,
	-0.250800f, 0.968039f, 0.000096f, 0.017398f
	},
	{
	0.744882f, 0.245861f, -0.620244f, -0.237678f,
	0.269323f, 0.739722f, 0.616665f, 0.868656f,
	0.610423f, -0.626389f, 0.484790f, 0.038847f
	},
	{
	0.356216f, -0.698861f, -0.620244f, -0.383317f,
	0.772062f, -0.153767f, 0.616665f, 0.815998f,
	-0.526336f, -0.698533f, 0.484790f, -0.080503f
	},
	{
	0.014177f, -0.792256f, -0.610024f, -0.447607f,
	0.456927f, -0.537526f, 0.708719f, 0.676656f,
	-0.889391f, -0.288784f, 0.354383f, 0.014490f
	},
	{
	0.014177f, -0.792256f, -0.610024f, -0.447607f,
	0.456928f, -0.537525f, 0.708719f, 0.676656f,
	-0.889390f, -0.288784f, 0.354383f, 0.014490f
	},
	{
	-0.810552f, -0.244868f, -0.532019f, 0.237586f,
	0.298780f, 0.608412f, -0.735231f, 0.871568f,
	0.503722f, -0.754900f, -0.419988f, 0.039556f
	},
	{
	-0.409659f, 0.741036f, -0.532020f, 0.396065f,
	0.657597f, -0.164319f, -0.735231f, 0.813151f,
	-0.632254f, -0.651049f, -0.419988f, -0.058932f
	},
	{
	0.047743f, 0.845385f, -0.532020f, 0.470001f,
	0.469174f, -0.489194f, -0.735232f, 0.694467f,
	-0.881814f, -0.214508f, -0.419989f, 0.055177f
	},
	{
	0.047743f, 0.845385f, -0.532020f, 0.470001f,
	0.469174f, -0.489194f, -0.735232f, 0.694468f,
	-0.881814f, -0.214508f, -0.419989f, 0.055177f
	},
	{
	0.597570f, 0.656631f, -0.460158f, -0.126387f,
	0.754545f, -0.654654f, 0.045697f, 0.501812f,
	-0.271239f, -0.374517f, -0.886660f, -0.013990f
	},
	{
	-0.471151f, 0.752510f, -0.460158f, -0.286364f,
	0.833885f, 0.550044f, 0.045697f, 0.299811f,
	0.287494f, -0.362189f, -0.886660f, 0.058624f
	},
	{
	0.846532f, 0.295143f, -0.443029f, -0.191410f,
	0.336855f, -0.941412f, 0.016495f, 0.131753f,
	-0.412204f, -0.163201f, -0.896355f, 0.000683f
	},
	{
	-0.523152f, -0.456656f, -0.719567f, 0.126285f,
	0.672938f, -0.739428f, -0.019991f, 0.501812f,
	-0.522940f, -0.494682f, 0.694135f, -0.014015f
	},
	{
	0.245540f, -0.649564f, -0.719567f, 0.266339f,
	0.927689f, 0.372819f, -0.019991f, 0.321658f,
	0.281253f, -0.662626f, 0.694135f, 0.125983f
	},
	{
	-0.652715f, -0.247708f, -0.715963f, 0.216854f,
	0.335725f, -0.941753f, 0.019758f, 0.134695f,
	-0.679154f, -0.227471f, 0.697858f, 0.069300f
	},
	{
	0.062683f, 0.235766f, -0.969786f, -0.000042f,
	-0.998033f, 0.013807f, -0.061152f, 0.919350f,
	-0.001028f, 0.971712f, 0.236167f, 0.083031f
	},
	{
	-0.000004f, 0.000096f, -1.000000f, -0.000049f,
	-0.998934f, -0.046164f, 0.000000f, 0.458633f,
	-0.046164f, 0.998934f, 0.000096f, 0.009024f
	},
	{
	-0.000024f, 0.000093f, -1.000000f, -0.000048f,
	-0.967616f, -0.252424f, 0.000000f, 0.662959f,
	-0.252424f, 0.967616f, 0.000096f, 0.018467f
	},
	{
	0.735314f, 0.257689f, -0.626825f, -0.237678f,
	0.261333f, 0.745558f, 0.613064f, 0.865561f,
	0.625314f, -0.614605f, 0.480877f, 0.040256f
	},
	{
	0.362394f, -0.689754f, -0.626825f, -0.381447f,
	0.775748f, -0.149557f, 0.613064f, 0.814465f,
	-0.516609f, -0.708429f, 0.480877f, -0.082005f
	},
	{
	0.019444f, -0.788288f, -0.615000f, -0.446851f,
	0.458821f, -0.539485f, 0.706002f, 0.674458f,
	-0.888316f, -0.295902f, 0.351193f, 0.011232f
	},
	{
	0.019444f, -0.788288f, -0.615000f, -0.446851f,
	0.458821f, -0.539485f, 0.706002f, 0.674458f,
	-0.888315f, -0.295902f, 0.351194f, 0.011232f
	},
	{
	-0.806231f, -0.256076f, -0.533308f, 0.237586f,
	0.288991f, 0.616119f, -0.732722f, 0.868472f,
	0.516214f, -0.744864f, -0.422730f, 0.040970f
	},
	{
	-0.420472f, 0.734020f, -0.533308f, 0.395221f,
	0.663234f, -0.152441f, -0.732722f, 0.811968f,
	-0.619131f, -0.661797f, -0.422730f, -0.059960f
	},
	{
	0.047883f, 0.844565f, -0.533308f, 0.471108f,
	0.472778f, -0.489489f, -0.732722f, 0.692268f,
	-0.879880f, -0.217051f, -0.422730f, 0.051781f
	},
	{
	0.047883f, 0.844565f, -0.533308f, 0.471108f,
	0.472778f, -0.489489f, -0.732722f, 0.692268f,
	-0.879880f, -0.217051f, -0.422730f, 0.051781f
	},
	{
	0.604201f, 0.650651f, -0.459994f, -0.126387f,
	0.748408f, -0.661551f, 0.047284f, 0.498806f,
	-0.273544f, -0.372832f, -0.886662f, -0.013197f
	},
	{
	-0.478764f, 0.747791f, -0.459994f, -0.288139f,
	0.827777f, 0.559061f, 0.047284f, 0.298448f,
	0.292523f, -0.358134f, -0.886662f, 0.060034f
	},
	{
	0.847458f, 0.294152f, -0.441915f, -0.191651f,
	0.335511f, -0.941893f, 0.016455f, 0.131621f,
	-0.411396f, -0.162213f, -0.896906f, 0.001080f
	},
	{
	-0.529016f, -0.450571f, -0.719116f, 0.126285f,
	0.664832f, -0.746691f, -0.021233f, 0.498806f,
	-0.527390f, -0.489324f, 0.694565f, -0.013221f
	},
	{
	0.254663f, -0.646544f, -0.719116f, 0.267909f,
	0.921939f, 0.386752f, -0.021233f, 0.320822f,
	0.291848f, -0.657574f, 0.694565f, 0.127968f
	},
	{
	-0.654022f, -0.248261f, -0.714578f, 0.216585f,
	0.335333f, -0.941881f, 0.020316f, 0.135019f,
	-0.678091f, -0.226335f, 0.699260f, 0.069150f
	},
	{
	0.067429f, 0.315949f, -0.946377f, -0.000042f,
	-0.997616f, 0.035287f, -0.059299f, 0.916180f,
	0.014660f, 0.948119f, 0.317576f, 0.084525f
	},
	{
	-0.000005f, 0.000096f, -1.000000f, -0.000049f,
	-0.998868f, -0.047573f, 0.000000f, 0.456973f,
	-0.047573f, 0.998868f, 0.000096f, 0.009024f
	},
	{
	-0.000024f, 0.000093f, -1.000000f, -0.000048f,
	-0.967259f, -0.253789f, 0.000000f, 0.661286f,
	-0.253789f, 0.967259f, 0.000096f, 0.018755f
	},
	{
	0.728100f, 0.266609f, -0.631498f, -0.237678f,
	0.254917f, 0.749873f, 0.610498f, 0.863857f,
	0.636308f, -0.605483f, 0.478020f, 0.040830f
	},
	{
	0.366946f, -0.683053f, -0.631498f, -0.380036f,
	0.778398f, -0.146253f, 0.610498f, 0.814016f,
	-0.509360f, -0.715576f, 0.478020f, -0.083581f
	},
	{
	0.022951f, -0.785455f, -0.618493f, -0.446262f,
	0.460000f, -0.540981f, 0.704087f, 0.673531f,
	-0.887622f, -0.300667f, 0.348893f, 0.008349f
	},
	{
	0.022951f, -0.785455f, -0.618493f, -0.446262f,
	0.460001f, -0.540981f, 0.704087f, 0.673531f,
	-0.887621f, -0.300667f, 0.348894f, 0.008349f
	},
	{
	-0.803202f, -0.263363f, -0.534328f, 0.237586f,
	0.282445f, 0.621372f, -0.730836f, 0.866767f,
	0.524492f, -0.737927f, -0.424702f, 0.041548f
	},
	{
	-0.427604f, 0.729142f, -0.534328f, 0.394628f,
	0.667116f, -0.144341f, -0.730836f, 0.811543f,
	-0.610008f, -0.668968f, -0.424702f, -0.061001f
	},
	{
	0.048450f, 0.843887f, -0.534329f, 0.471803f,
	0.475135f, -0.490026f, -0.730836f, 0.691142f,
	-0.878578f, -0.218469f, -0.424702f, 0.049094f
	},
	{
	0.048450f, 0.843887f, -0.534329f, 0.471803f,
	0.475135f, -0.490026f, -0.730836f, 0.691142f,
	-0.878578f, -0.218469f, -0.424702f, 0.049094f
	},
	{
	0.609153f, 0.646109f, -0.459864f, -0.126387f,
	0.743787f, -0.666646f, 0.048611f, 0.497178f,
	-0.275159f, -0.371653f, -0.886657f, -0.013140f
	},
	{
	-0.484334f, 0.744275f, -0.459864f, -0.289465f,
	0.823170f, 0.565710f, 0.048611f, 0.298057f,
	0.296330f, -0.355002f, -0.886657f, 0.060523f
	},
	{
	0.848173f, 0.293296f, -0.441113f, -0.191854f,
	0.334437f, -0.942273f, 0.016537f, 0.132158f,
	-0.410798f, -0.161551f, -0.897299f, 0.000802f
	},
	{
	-0.533473f, -0.446115f, -0.718601f, 0.126285f,
	0.658842f, -0.751951f, -0.022290f, 0.497178f,
	-0.530409f, -0.485336f, 0.695065f, -0.013164f
	},
	{
	0.261828f, -0.644250f, -0.718601f, 0.269102f,
	0.917268f, 0.397647f, -0.022290f, 0.320798f,
	0.300110f, -0.653314f, 0.695065f, 0.128832f
	},
	{
	-0.654727f, -0.249853f, -0.713376f, 0.216334f,
	0.336992f, -0.941287f, 0.020390f, 0.135935f,
