#include "game/component/Animator.h"
#include "game/resource/animation.h"

// 17 bones
AnimationMatrix const mario_animation_idle_center[] = { // 29 frames
	{
	-0.000002f, 0.000096f, -1.000000f, -0.000049f,
	-0.999873f, -0.015914f, 0.000000f, 0.514368f,
	-0.015914f, 0.999873f, 0.000096f, -0.003008f
	},
	{
	-0.000021f, 0.000093f, -1.000000f, -0.000049f,
	-0.974812f, -0.223028f, 0.000000f, 0.718886f,
	-0.223028f, 0.974812f, 0.000096f, 0.000247f
	},
	{
	0.893055f, 0.055568f, -0.446503f, -0.237679f,
	0.321852f, 0.614565f, 0.720223f, 0.922054f,
	0.314426f, -0.786906f, 0.530956f, 0.015896f
	},
	{
	0.276043f, -0.851138f, -0.446503f, -0.412289f,
	0.675322f, -0.158803f, 0.720223f, 0.859126f,
	-0.683915f, -0.500346f, 0.530956f, -0.045581f
	},
	{
	-0.053307f, -0.885997f, -0.460617f, -0.462109f,
	0.415325f, -0.439154f, 0.796648f, 0.737244f,
	-0.908109f, -0.148839f, 0.391387f, 0.077852f
	},
	{
	-0.053307f, -0.885997f, -0.460617f, -0.462109f,
	0.415326f, -0.439154f, 0.796648f, 0.737244f,
	-0.908109f, -0.148839f, 0.391388f, 0.077852f
	},
	{
	-0.879095f, -0.063789f, -0.472358f, 0.237585f,
	0.397526f, 0.448670f, -0.800417f, 0.924986f,
	0.262991f, -0.891418f, -0.369066f, 0.016521f
	},
	{
	-0.231540f, 0.850451f, -0.472358f, 0.409466f,
	0.516702f, -0.303893f, -0.800417f, 0.847262f,
	-0.824262f, -0.429397f, -0.369066f, -0.034899f
	},
	{
	0.001307f, 0.881406f, -0.472358f, 0.451254f,
	0.418088f, -0.429575f, -0.800417f, 0.754008f,
	-0.908406f, -0.196441f, -0.369066f, 0.113864f
	},
	{
	0.001307f, 0.881406f, -0.472358f, 0.451254f,
	0.418088f, -0.429575f, -0.800417f, 0.754008f,
	-0.908406f, -0.196441f, -0.369066f, 0.113864f
	},
	{
	0.467820f, 0.754349f, -0.460546f, -0.126387f,
	0.854991f, -0.518271f, 0.019596f, 0.553850f,
	-0.223905f, -0.402930f, -0.887419f, -0.026434f
	},
	{
	-0.315876f, 0.829530f, -0.460546f, -0.251628f,
	0.930693f, 0.365277f, 0.019596f, 0.324958f,
	0.184482f, -0.422436f, -0.887419f, 0.033508f
	},
	{
	0.836194f, 0.298130f, -0.460323f, -0.187968f,
	0.345115f, -0.938364f, 0.019179f, 0.137390f,
	-0.426232f, -0.174902f, -0.887544f, -0.003672f
	},
	{
	-0.412894f, -0.559994f, -0.718280f, 0.126285f,
	0.804974f, -0.593310f, -0.000165f, 0.553850f,
	-0.426070f, -0.578265f, 0.695754f, -0.026459f
	},
	{
	0.079751f, -0.691168f, -0.718280f, 0.236821f,
	0.993389f, 0.114794f, -0.000165f, 0.338349f,
	0.082569f, -0.713518f, 0.695754f, 0.087605f
	},
	{
	-0.638673f, -0.240525f, -0.730920f, 0.220749f,
	0.345296f, -0.938467f, 0.007105f, 0.138145f,
	-0.687653f, -0.247846f, 0.682426f, 0.070965f
	},
	{
	0.141593f, 0.741463f, -0.655884f, -0.000043f,
	-0.977741f, 0.001118f, -0.209811f, 0.973990f,
	-0.154834f, 0.670993f, 0.725117f, 0.058613f
	},
	{
	-0.000002f, 0.000096f, -1.000000f, -0.000049f,
	-0.999846f, -0.017522f, 0.000000f, 0.513338f,
	-0.017522f, 0.999846f, 0.000096f, -0.003008f
	},
	{
	-0.000022f, 0.000093f, -1.000000f, -0.000048f,
	-0.974452f, -0.224595f, 0.000000f, 0.717850f,
	-0.224595f, 0.974452f, 0.000096f, 0.000576f
	},
	{
	0.888141f, 0.061937f, -0.455379f, -0.237679f,
	0.323208f, 0.620247f, 0.714724f, 0.920993f,
	0.326715f, -0.781957f, 0.530848f, 0.016551f
	},
	{
	0.277393f, -0.845981f, -0.455379f, -0.411328f,
	0.680482f, -0.161598f, 0.714724f, 0.857800f,
	-0.678231f, -0.508136f, 0.530848f, -0.047328f
	},
	{
	-0.053119f, -0.881696f, -0.468818f, -0.461392f,
	0.417296f, -0.446122f, 0.791731f, 0.734986f,
	-0.907217f, -0.153580f, 0.391626f, 0.075079f
	},
	{
	-0.053119f, -0.881696f, -0.468818f, -0.461392f,
	0.417297f, -0.446122f, 0.791731f, 0.734986f,
	-0.907216f, -0.153580f, 0.391627f, 0.075079f
	},
	{
	-0.876646f, -0.070575f, -0.475932f, 0.237585f,
	0.395946f, 0.456162f, -0.796959f, 0.923924f,
	0.273347f, -0.887094f, -0.371949f, 0.017181f
	},
	{
	-0.238886f, 0.846417f, -0.475932f, 0.408987f,
	0.524161f, -0.300187f, -0.796959f, 0.846509f,
	-0.817428f, -0.439847f, -0.371949f, -0.036263f
	},
	{
	0.003861f, 0.879474f, -0.475932f, 0.452101f,
	0.421020f, -0.433127f, -0.796959f, 0.751908f,
	-0.907043f, -0.197300f, -0.371949f, 0.111266f
	},
	{
	0.003861f, 0.879474f, -0.475932f, 0.452101f,
	0.421020f, -0.433127f, -0.796959f, 0.751908f,
	-0.907043f, -0.197300f, -0.371949f, 0.111266f
	},
	{
	0.473463f, 0.750605f, -0.460895f, -0.126387f,
	0.851357f, -0.524169f, 0.020920f, 0.552857f,
	-0.225885f, -0.402291f, -0.887208f, -0.026371f
	},
	{
	-0.322467f, 0.826795f, -0.460895f, -0.253139f,
	0.927442f, 0.373382f, 0.020920f, 0.324939f,
	0.189386f, -0.420708f, -0.887208f, 0.034101f
	},
	{
	0.836461f, 0.297915f, -0.459977f, -0.188150f,
	0.344872f, -0.938451f, 0.019335f, 0.138026f,
	-0.425905f, -0.174806f, -0.887720f, -0.004067f
	},
	{
	-0.417691f, -0.555862f, -0.718715f, 0.126285f,
	0.800188f, -0.599748f, -0.001189f, 0.552857f,
	-0.430386f, -0.575604f, 0.695304f, -0.026395f
	},
	{
	0.086671f, -0.689882f, -0.718715f, 0.238106f,
	0.992046f, 0.125872f, -0.001189f, 0.338637f,
	0.091286f, -0.712895f, 0.695304f, 0.088824f
	},
	{
	-0.638903f, -0.240638f, -0.730682f, 0.220639f,
	0.344978f, -0.938581f, 0.007461f, 0.138704f,
	-0.687600f, -0.247303f, 0.682677f, 0.070427f
	},
	{
	0.136110f, 0.719126f, -0.681419f, -0.000043f,
	-0.978425f, -0.010337f, -0.206343f, 0.972860f,
	-0.155430f, 0.694802f, 0.702204f, 0.059352f
	},
	{
	-0.000002f, 0.000096f, -1.000000f, -0.000049f,
	-0.999814f, -0.019310f, 0.000000f, 0.510247f,
	-0.019310f, 0.999813f, 0.000096f, -0.003008f
	},
	{
	-0.000022f, 0.000093f, -1.000000f, -0.000048f,
	-0.974049f, -0.226337f, 0.000000f, 0.714753f,
	-0.226337f, 0.974049f, 0.000096f, 0.000942f
	},
	{
	0.881574f, 0.070773f, -0.466711f, -0.237679f,
	0.324366f, 0.627483f, 0.707850f, 0.917868f,
	0.342950f, -0.775407f, 0.530217f, 0.017280f
	},
	{
	0.279748f, -0.839001f, -0.466711f, -0.410044f,
	0.686887f, -0.164727f, 0.707850f, 0.854447f,
	-0.670766f, -0.518597f, 0.530217f, -0.049773f
	},
	{
	-0.052154f, -0.876167f, -0.479178f, -0.460533f,
	0.419646f, -0.454638f, 0.785621f, 0.730478f,
	-0.906188f, -0.160112f, 0.391391f, 0.071287f
	},
	{
	-0.052153f, -0.876167f, -0.479178f, -0.460533f,
	0.419647f, -0.454638f, 0.785621f, 0.730478f,
	-0.906188f, -0.160113f, 0.391392f, 0.071287f
	},
	{
	-0.873507f, -0.079923f, -0.480206f, 0.237585f,
	0.393205f, 0.465736f, -0.792767f, 0.920797f,
	0.287010f, -0.881307f, -0.375398f, 0.017916f
	},
	{
	-0.248664f, 0.841171f, -0.480206f, 0.408373f,
	0.533450f, -0.294876f, -0.792767f, 0.843918f,
	-0.808453f, -0.453298f, -0.375398f, -0.038200f
	},
	{
	0.007036f, 0.877128f, -0.480206f, 0.453252f,
	0.424476f, -0.437425f, -0.792767f, 0.747641f,
	-0.905412f, -0.198258f, -0.375398f, 0.107709f
	},
	{
	0.007036f, 0.877128f, -0.480206f, 0.453252f,
	0.424476f, -0.437425f, -0.792767f, 0.747641f,
	-0.905412f, -0.198258f, -0.375398f, 0.107709f
	},
	{
	0.480919f, 0.745675f, -0.461178f, -0.126387f,
	0.846423f, -0.532040f, 0.022404f, 0.549809f,
	-0.228659f, -0.401126f, -0.887025f, -0.026300f
	},
	{
	-0.331020f, 0.823250f, -0.461178f, -0.255135f,
	0.923167f, 0.383746f, 0.022404f, 0.323211f,
	0.195419f, -0.418328f, -0.887025f, 0.034915f
	},
	{
	0.836940f, 0.297504f, -0.459372f, -0.188423f,
	0.344229f, -0.938689f, 0.019233f, 0.137160f,
	-0.425485f, -0.174226f, -0.888036f, -0.004469f
	},
	{
	-0.424070f, -0.550495f, -0.719110f, 0.126285f,
	0.793678f, -0.608334f, -0.002350f, 0.549809f,
	-0.436165f, -0.571738f, 0.694892f, -0.026324f
	},
	{
	0.095560f, -0.688294f, -0.719110f, 0.239814f,
	0.990159f, 0.139925f, -0.002350f, 0.337332f,
	0.102240f, -0.711809f, 0.694892f, 0.090442f
	},
	{
	-0.639421f, -0.240647f, -0.730226f, 0.220555f,
	0.344082f, -0.938905f, 0.008123f, 0.137779f,
	-0.687567f, -0.246063f, 0.683157f, 0.069837f
	},
	{
	0.129619f, 0.691687f, -0.710470f, -0.000043f,
	-0.979425f, -0.022462f, -0.200556f, 0.969658f,
	-0.154681f, 0.721848f, 0.674544f, 0.060173f
	},
	{
	-0.000002f, 0.000096f, -1.000000f, -0.000049f,
	-0.999774f, -0.021249f, 0.000000f, 0.506900f,
	-0.021249f, 0.999774f, 0.000096f, -0.001556f
	},
	{
	-0.000022f, 0.000093f, -1.000000f, -0.000048f,
	-0.973608f, -0.228226f, 0.000000f, 0.711397f,
	-0.228226f, 0.973608f, 0.000096f, 0.002791f
	},
	{
	0.873440f, 0.081773f, -0.480017f, -0.237679f,
	0.325066f, 0.636042f, 0.699844f, 0.914480f,
	0.362539f, -0.767309f, 0.528963f, 0.019523f
	},
	{
	0.283048f, -0.830342f, -0.480017f, -0.408454f,
	0.694280f, -0.167910f, 0.699844f, 0.850923f,
	-0.661709f, -0.531355f, 0.528963f, -0.051361f
	},
	{
	-0.050355f, -0.869568f, -0.491239f, -0.459538f,
	0.422289f, -0.464270f, 0.778540f, 0.725619f,
	-0.905061f, -0.168241f, 0.390588f, 0.068065f
	},
	{
	-0.050355f, -0.869568f, -0.491239f, -0.459538f,
	0.422290f, -0.464270f, 0.778540f, 0.725619f,
	-0.905061f, -0.168242f, 0.390588f, 0.068065f
	},
	{
	-0.869696f, -0.091447f, -0.485043f, 0.237585f,
	0.389301f, 0.477029f, -0.787964f, 0.917408f,
	0.303436f, -0.874117f, -0.379270f, 0.020164f
	},
	{
	-0.260478f, 0.834796f, -0.485043f, 0.407628f,
	0.544199f, -0.288027f, -0.787964f, 0.841292f,
	-0.797495f, -0.469207f, -0.379270f, -0.039164f
	},
	{
	0.010702f, 0.874425f, -0.485043f, 0.454639f,
	0.428323f, -0.442325f, -0.787964f, 0.743075f,
	-0.903562f, -0.199322f, -0.379270f, 0.104768f
	},
	{
	0.010702f, 0.874425f, -0.485043f, 0.454639f,
	0.428323f, -0.442325f, -0.787964f, 0.743075f,
	-0.903562f, -0.199322f, -0.379270f, 0.104768f
	},
	{
	0.489877f, 0.739685f, -0.461397f, -0.126387f,
	0.840329f, -0.541543f, 0.024028f, 0.546506f,
	-0.232093f, -0.399496f, -0.886868f, -0.024771f
	},
	{
	-0.341248f, 0.818940f, -0.461397f, -0.257533f,
	0.917923f, 0.396031f, 0.024028f, 0.321540f,
	0.202405f, -0.415327f, -0.886868f, 0.037363f
	},
	{
	0.837593f, 0.296960f, -0.458533f, -0.188759f,
	0.343285f, -0.939041f, 0.018921f, 0.136545f,
	-0.424962f, -0.173255f, -0.888476f, -0.003429f
	},
	{
	-0.431749f, -0.544030f, -0.719461f, 0.126285f,
	0.785631f, -0.618685f, -0.003630f, 0.546506f,
	-0.443145f, -0.566798f, 0.694523f, -0.024795f
	},
	{
	0.106161f, -0.686371f, -0.719461f, 0.241869f,
	0.987661f, 0.156566f, -0.003630f, 0.336183f,
	0.115135f, -0.710198f, 0.694523f, 0.093840f
	},
	{
	-0.640187f, -0.240614f, -0.729565f, 0.220474f,
	0.342765f, -0.939378f, 0.009038f, 0.137134f,
	-0.687512f, -0.244284f, 0.683851f, 0.070636f
	},
	{
	0.122220f, 0.659216f, -0.741954f, -0.000043f,
	-0.980673f, -0.034865f, -0.192520f, 0.966186f,
	-0.152781f, 0.751144f, 0.642215f, 0.062516f
	},
	{
	-0.000002f, 0.000096f, -1.000000f, -0.000049f,
	-0.999728f, -0.023310f, 0.000000f, 0.503477f,
	-0.023310f, 0.999728f, 0.000096f, 0.000000f
	},
	{
	-0.000022f, 0.000093f, -1.000000f, -0.000048f,
	-0.973135f, -0.230233f, 0.000000f, 0.707965f,
	-0.230233f, 0.973135f, 0.000096f, 0.004768f
	},
	{
	0.863831f, 0.094634f, -0.494814f, -0.237679f,
	0.325056f, 0.645686f, 0.690962f, 0.911012f,
	0.384883f, -0.757716f, 0.527002f, 0.021919f
	},
	{
	0.287237f, -0.820155f, -0.494814f, -0.406575f,
	0.702407f, -0.170870f, 0.690962f, 0.847457f,
	-0.651244f, -0.546030f, 0.527002f, -0.053333f
	},
	{
	-0.047671f, -0.862070f, -0.504542f, -0.458416f,
	0.425151f, -0.474589f, 0.770722f, 0.720687f,
	-0.903866f, -0.177765f, 0.389134f, 0.064203f
	},
	{
	-0.047671f, -0.862070f, -0.504542f, -0.458416f,
	0.425151f, -0.474588f, 0.770722f, 0.720687f,
	-0.903866f, -0.177766f, 0.389134f, 0.064204f
	},
	{
	-0.865233f, -0.104757f, -0.490304f, 0.237585f,
	0.384235f, 0.489674f, -0.782677f, 0.913940f,
	0.322080f, -0.865590f, -0.383431f, 0.022566f
	},
	{
	-0.273932f, 0.827383f, -0.490304f, 0.406756f,
	0.556035f, -0.279717f, -0.782677f, 0.838814f,
	-0.784720f, -0.487026f, -0.383431f, -0.040407f
	},
	{
	0.014728f, 0.871427f, -0.490304f, 0.456195f,
	0.432437f, -0.447678f, -0.782677f, 0.738461f,
	-0.901544f, -0.200498f, -0.383431f, 0.101220f
	},
	{
	0.014728f, 0.871427f, -0.490304f, 0.456195f,
	0.432437f, -0.447678f, -0.782677f, 0.738461f,
	-0.901544f, -0.200498f, -0.383431f, 0.101220f
	},
	{
	0.500023f, 0.732764f, -0.461556f, -0.126387f,
	0.833221f, -0.552339f, 0.025771f, 0.543131f,
	-0.236051f, -0.397464f, -0.886736f, -0.023134f
	},
	{
	-0.352861f, 0.813913f, -0.461556f, -0.260249f,
	0.911767f, 0.409898f, 0.025771f, 0.320068f,
	0.210166f, -0.411738f, -0.886736f, 0.040060f
	},
	{
	0.838384f, 0.296345f, -0.457483f, -0.189135f,
	0.342140f, -0.939468f, 0.018446f, 0.136314f,
	-0.424325f, -0.171988f, -0.889027f, -0.002296f
	},
	{
	-0.440446f, -0.536607f, -0.719764f, 0.126285f,
	0.776241f, -0.630416f, -0.005010f, 0.543131f,
	-0.451062f, -0.560917f, 0.694201f, -0.023158f
	},
	{
	0.118216f, -0.684079f, -0.719764f, 0.244198f,
	0.984484f, 0.175401f, -0.005010f, 0.335322f,
	0.129675f, -0.708004f, 0.694200f, 0.097597f
	},
	{
	-0.641160f, -0.240604f, -0.728714f, 0.220373f,
	0.341188f, -0.939940f, 0.010150f, 0.136913f,
	-0.687390f, -0.242120f, 0.684743f, 0.071463f
	},
	{
	0.114007f, 0.621863f, -0.774783f, -0.000042f,
	-0.982103f, -0.047140f, -0.182349f, 0.962630f,
	-0.149919f, 0.781706f, 0.605359f, 0.065019f
	},
	{
	-0.000002f, 0.000096f, -1.000000f, -0.000049f,
	-0.999676f, -0.025464f, 0.000000f, 0.498498f,
	-0.025464f, 0.999676f, 0.000096f, 0.000000f
	},
	{
	-0.000022f, 0.000093f, -1.000000f, -0.000048f,
	-0.972637f, -0.232329f, 0.000000f, 0.702976f,
	-0.232329f, 0.972637f, 0.000096f, 0.005209f
	},
	{
	0.852862f, 0.109058f, -0.510620f, -0.237679f,
	0.324100f, 0.656168f, 0.681471f, 0.905985f,
	0.409372f, -0.746693f, 0.524275f, 0.022797f
	},
	{
	0.292268f, -0.808608f, -0.510620f, -0.404430f,
	0.711020f, -0.173341f, 0.681471f, 0.842617f,
	-0.639554f, -0.562233f, 0.524275f, -0.057243f
	},
	{
	-0.044053f, -0.853864f, -0.518628f, -0.457179f,
	0.428173f, -0.485173f, 0.762414f, 0.714293f,
	-0.902622f, -0.188476f, 0.386975f, 0.058184f
	},
	{
	-0.044053f, -0.853864f, -0.518628f, -0.457179f,
	0.428173f, -0.485173f, 0.762414f, 0.714293f,
	-0.902622f, -0.188476f, 0.386975f, 0.058184f
	},
	{
	-0.860152f, -0.119469f, -0.495848f, 0.237585f,
	0.378029f, 0.503300f, -0.777035f, 0.908911f,
	0.342391f, -0.855813f, -0.387752f, 0.023451f
	},
	{
	-0.288635f, 0.819039f, -0.495848f, 0.405762f,
	0.568588f, -0.270044f, -0.777035f, 0.834999f,
	-0.770322f, -0.506213f, -0.387752f, -0.043494f
	},
	{
	0.018986f, 0.868202f, -0.495848f, 0.457855f,
	0.436702f, -0.453330f, -0.777035f, 0.732380f,
	-0.899406f, -0.201785f, -0.387752f, 0.095534f
	},
	{
	0.018986f, 0.868202f, -0.495848f, 0.457855f,
	0.436702f, -0.453330f, -0.777035f, 0.732380f,
	-0.899406f, -0.201785f, -0.387752f, 0.095534f
	},
	{
	0.511049f, 0.725052f, -0.461658f, -0.126387f,
	0.825250f, -0.564091f, 0.027612f, 0.538202f,
	-0.240397f, -0.395095f, -0.886628f, -0.023048f
	},
	{
	-0.365571f, 0.808226f, -0.461658f, -0.263201f,
	0.904768f, 0.425009f, 0.027612f, 0.317273f,
	0.218526f, -0.407599f, -0.886628f, 0.041309f
	},
	{
	0.839276f, 0.295722f, -0.456250f, -0.189525f,
	0.340895f, -0.939932f, 0.017856f, 0.134929f,
	-0.423563f, -0.170519f, -0.889672f, -0.002732f
	},
	{
	-0.449886f, -0.528377f, -0.720014f, 0.126285f,
	0.765715f, -0.643148f, -0.006472f, 0.538202f,
	-0.459655f, -0.554237f, 0.693929f, -0.023072f
	},
	{
	0.131471f, -0.681392f, -0.720014f, 0.246725f,
	0.980575f, 0.196036f, -0.006472f, 0.333211f,
	0.145559f, -0.705177f, 0.693929f, 0.099983f
	},
	{
	-0.642296f, -0.240682f, -0.727687f, 0.220229f,
	0.339513f, -0.940532f, 0.011408f, 0.135590f,
	-0.687159f, -0.239732f, 0.685814f, 0.070647f
	},
	{
	0.105086f, 0.579882f, -0.807894f, -0.000042f,
	-0.983648f, -0.058878f, -0.170207f, 0.957510f,
	-0.146267f, 0.812570f, 0.564213f, 0.066008f
	},
	{
	-0.000003f, 0.000096f, -1.000000f, -0.000049f,
	-0.999617f, -0.027683f, 0.000000f, 0.493519f,
	-0.027683f, 0.999617f, 0.000096f, 0.000000f
	},
	{
	-0.000022f, 0.000093f, -1.000000f, -0.000048f,
	-0.972119f, -0.234487f, 0.000000f, 0.697985f,
	-0.234487f, 0.972119f, 0.000096f, 0.005662f
	},
	{
	0.840682f, 0.124759f, -0.526962f, -0.237679f,
	0.321993f, 0.667233f, 0.671655f, 0.900955f,
	0.435401f, -0.734326f, 0.520760f, 0.023702f
	},
	{
	0.298101f, -0.795894f, -0.526962f, -0.402049f,
	0.719881f, -0.175073f, 0.671655f, 0.837999f,
	-0.626823f, -0.579570f, 0.520760f, -0.061428f
	},
	{
	-0.039466f, -0.845164f, -0.533049f, -0.455850f,
	0.431318f, -0.495615f, 0.753877f, 0.708075f,
	-0.901336f, -0.200162f, 0.384094f, 0.051701f
	},
	{
	-0.039466f, -0.845164f, -0.533049f, -0.455850f,
	0.431319f, -0.495614f, 0.753876f, 0.708075f,
	-0.901335f, -0.200162f, 0.384095f, 0.051701f
	},
	{
	-0.854511f, -0.135203f, -0.501529f, 0.237586f,
	0.370730f, 0.517543f, -0.771174f, 0.903879f,
	0.363827f, -0.844908f, -0.392122f, 0.024361f
	},
	{
	-0.304208f, 0.809893f, -0.501529f, 0.404660f,
	0.581500f, -0.259132f, -0.771174f, 0.831394f,
	-0.754530f, -0.526236f, -0.392122f, -0.046774f
	},
	{
	0.023351f, 0.864826f, -0.501529f, 0.459563f,
	0.441015f, -0.459126f, -0.771174f, 0.726445f,
	-0.897196f, -0.203174f, -0.392122f, 0.089404f
	},
	{
	0.023351f, 0.864826f, -0.501529f, 0.459563f,
	0.441016f, -0.459126f, -0.771174f, 0.726445f,
	-0.897196f, -0.203175f, -0.392122f, 0.089404f
	},
	{
	0.522652f, 0.716702f, -0.461707f, -0.126387f,
	0.816585f, -0.576469f, 0.029530f, 0.533274f,
	-0.244996f, -0.392457f, -0.886541f, -0.022960f
	},
	{
	-0.379092f, 0.801945f, -0.461707f, -0.266307f,
	0.897006f, 0.441030f, 0.029530f, 0.314665f,
	0.227308f, -0.402959f, -0.886541f, 0.042628f
	},
	{
	0.840231f, 0.295156f, -0.454858f, -0.189907f,
	0.339650f, -0.940395f, 0.017197f, 0.133886f,
	-0.422670f, -0.168942f, -0.890398f, -0.003182f
	},
	{
	-0.459803f, -0.519504f, -0.720206f, 0.126285f,
	0.754275f, -0.656509f, -0.007996f, 0.533274f,
	-0.468668f, -0.546911f, 0.693713f, -0.022984f
	},
	{
	0.145673f, -0.678293f, -0.720206f, 0.249380f,
	0.975898f, 0.218078f, -0.007996f, 0.331346f,
	0.162485f, -0.701684f, 0.693713f, 0.102484f
	},
	{
	-0.643548f, -0.240920f, -0.726501f, 0.220021f,
	0.337906f, -0.941093f, 0.012758f, 0.134667f,
	-0.686779f, -0.237279f, 0.687046f, 0.069737f
	},
	{
	0.095573f, 0.533648f, -0.840289f, -0.000042f,
	-0.985246f, -0.069686f, -0.156316f, 0.952384f,
	-0.141974f, 0.842831f, 0.519114f, 0.067027f
	},
	{
	-0.000003f, 0.000096f, -1.000000f, -0.000049f,
	-0.999552f, -0.029935f, 0.000000f, 0.488540f,
	-0.029935f, 0.999552f, 0.000096f, 0.000000f
	},
	{
	-0.000023f, 0.000093f, -1.000000f, -0.000048f,
	-0.971588f, -0.236677f, 0.000000f, 0.692993f,
	-0.236677f, 0.971588f, 0.000096f, 0.006123f
	},
	{
	0.827484f, 0.141468f, -0.543376f, -0.237679f,
	0.318564f, 0.678623f, 0.661806f, 0.895922f,
	0.462372f, -0.720734f, 0.516483f, 0.024620f
	},
	{
	0.304712f, -0.782236f, -0.543376f, -0.399468f,
	0.728761f, -0.175839f, 0.661806f, 0.833636f,
	-0.613235f, -0.597651f, 0.516483f, -0.065783f
	},
	{
	-0.033886f, -0.836208f, -0.547364f, -0.454463f,
	0.434571f, -0.505522f, 0.745382f, 0.702109f,
	-0.900000f, -0.212611f, 0.380522f, 0.044893f
	},
	{
	-0.033886f, -0.836208f, -0.547364f, -0.454463f,
	0.434572f, -0.505522f, 0.745382f, 0.702110f,
	-0.899999f, -0.212611f, 0.380523f, 0.044894f
	},
	{
	-0.848395f, -0.151588f, -0.507195f, 0.237586f,
	0.362416f, 0.532045f, -0.765234f, 0.898845f,
	0.385851f, -0.833036f, -0.396447f, 0.025286f
	},
	{
	-0.320288f, 0.800105f, -0.507195f, 0.403464f,
	0.594424f, -0.247137f, -0.765234f, 0.827985f,
	-0.737614f, -0.546585f, -0.396447f, -0.050156f
	},
	{
	0.027703f, 0.861386f, -0.507196f, 0.461269f,
	0.445291f, -0.464901f, -0.765234f, 0.720703f,
	-0.894957f, -0.204650f, -0.396447f, 0.082969f
	},
	{
	0.027703f, 0.861385f, -0.507196f, 0.461270f,
	0.445291f, -0.464901f, -0.765234f, 0.720703f,
	-0.894957f, -0.204650f, -0.396447f, 0.082969f
	},
	{
	0.534540f, 0.707881f, -0.461704f, -0.126387f,
	0.807409f, -0.589150f, 0.031502f, 0.528347f,
	-0.249713f, -0.389624f, -0.886474f, -0.022870f
	},
	{
	-0.393146f, 0.795151f, -0.461704f, -0.269490f,
	0.888583f, 0.457633f, 0.031502f, 0.312194f,
	0.236340f, -0.397878f, -0.886474f, 0.043981f
	},
	{
	0.841206f, 0.294714f, -0.453338f, -0.190257f,
	0.338511f, -0.940818f, 0.016512f, 0.133113f,
	-0.421642f, -0.167350f, -0.891185f, -0.003650f
	},
	{
	-0.469940f, -0.510169f, -0.720337f, 0.126285f,
	0.742167f, -0.670146f, -0.009560f, 0.528347f,
	-0.477854f, -0.539103f, 0.693559f, -0.022895f
	},
	{
	0.160575f, -0.674782f, -0.720337f, 0.252093f,
	0.970444f, 0.241138f, -0.009560f, 0.329660f,
	0.180151f, -0.697511f, 0.693559f, 0.105033f
	},
	{
	-0.644864f, -0.241394f, -0.725175f, 0.219732f,
	0.336543f, -0.941562f, 0.014153f, 0.134081f,
	-0.686214f, -0.234926f, 0.688418f, 0.068726f
	},
	{
	0.085603f, 0.483656f, -0.871062f, -0.000042f,
	-0.986843f, -0.079199f, -0.140956f, 0.947253f,
	-0.137162f, 0.871667f, 0.470513f, 0.068061f
	},
	{
	-0.000003f, 0.000096f, -1.000000f, -0.000049f,
	-0.999481f, -0.032193f, 0.000000f, 0.483562f,
	-0.032193f, 0.999481f, 0.000096f, 0.001867f
	},
	{
	-0.000023f, 0.000093f, -1.000000f, -0.000048f,
	-0.971051f, -0.238872f, 0.000000f, 0.688000f,
	-0.238872f, 0.971051f, 0.000096f, 0.008452f
	},
	{
	0.813507f, 0.158940f, -0.559415f, -0.237678f,
	0.313684f, 0.690076f, 0.652225f, 0.890887f,
	0.489703f, -0.706069f, 0.511524f, 0.027407f
	},
	{
	0.312092f, -0.767889f, -0.559415f, -0.396735f,
	0.737445f, -0.175434f, 0.652225f, 0.829555f,
	-0.598976f, -0.616092f, 0.511524f, -0.068340f
	},
	{
	-0.027307f, -0.827263f, -0.561151f, -0.453062f,
	0.437937f, -0.514522f, 0.737210f, 0.696461f,
	-0.898591f, -0.225618f, 0.376339f, 0.039763f
	},
	{
	-0.027307f, -0.827263f, -0.561151f, -0.453062f,
	0.437937f, -0.514521f, 0.737210f, 0.696461f,
	-0.898590f, -0.225618f, 0.376340f, 0.039763f
	},
	{
	-0.841922f, -0.168266f, -0.512693f, 0.237586f,
	0.353200f, 0.546465f, -0.759359f, 0.893808f,
	0.407943f, -0.820404f, -0.400650f, 0.028080f
	},
	{
	-0.336533f, 0.789868f, -0.512693f, 0.402198f,
	0.607042f, -0.234252f, -0.759359f, 0.824750f,
	-0.719893f, -0.566775f, -0.400650f, -0.051681f
	},
	{
	0.031932f, 0.857978f, -0.512693f, 0.462936f,
	0.449459f, -0.470490f, -0.759359f, 0.715191f,
	-0.892730f, -0.206187f, -0.400650f, 0.078245f
	},
	{
	0.031932f, 0.857978f, -0.512693f, 0.462936f,
	0.449459f, -0.470490f, -0.759359f, 0.715191f,
	-0.892730f, -0.206187f, -0.400650f, 0.078245f
	},
	{
	0.546429f, 0.698778f, -0.461653f, -0.126387f,
	0.797926f, -0.601823f, 0.033507f, 0.523420f,
	-0.254419f, -0.386674f, -0.886427f, -0.020913f
	},
	{
	-0.407463f, 0.787940f, -0.461653f, -0.272673f,
	0.879616f, 0.474502f, 0.033507f, 0.309806f,
	0.245457f, -0.392425f, -0.886427f, 0.047198f
	},
	{
	0.842161f, 0.294467f, -0.451722f, -0.190554f,
	0.337583f, -0.941162f, 0.015846f, 0.132532f,
	-0.420478f, -0.165839f, -0.892017f, -0.002271f
	},
	{
	-0.480056f, -0.500570f, -0.720400f, 0.126285f,
	0.729659f, -0.683720f, -0.011143f, 0.523420f,
	-0.486974f, -0.530995f, 0.693470f, -0.020938f
	},
	{
	0.175940f, -0.670872f, -0.720400f, 0.254802f,
	0.964228f, 0.264839f, -0.011143f, 0.328082f,
	0.198265f, -0.692669f, 0.693469f, 0.109431f
	},
	{
	-0.646187f, -0.242192f, -0.723730f, 0.219344f,
	0.335603f, -0.941875f, 0.015547f, 0.133755f,
	-0.685429f, -0.232840f, 0.689907f, 0.069474f
	},
	{
	0.075325f, 0.430514f, -0.899436f, -0.000042f,
	-0.988394f, -0.087094f, -0.124462f, 0.942119f,
	-0.131919f, 0.898372f, 0.418957f, 0.070964f
	},
	{
	-0.000003f, 0.000096f, -1.000000f, -0.000049f,
	-0.999407f, -0.034428f, 0.000000f, 0.478583f,
	-0.034428f, 0.999407f, 0.000096f, 0.003008f
	},
	{
	-0.000023f, 0.000093f, -1.000000f, -0.000048f,
	-0.970515f, -0.241042f, 0.000000f, 0.683006f,
	-0.241042f, 0.970515f, 0.000096f, 0.010050f
	},
	{
	0.799039f, 0.176959f, -0.574650f, -0.237678f,
	0.307264f, 0.701331f, 0.643214f, 0.885850f,
	0.516842f, -0.690522f, 0.506017f, 0.029458f
	},
	{
	0.320251f, -0.753138f, -0.574650f, -0.393906f,
	0.745729f, -0.173677f, 0.643214f, 0.825774f,
	-0.584232f, -0.634523f, 0.506017f, -0.071594f
	},
	{
	-0.019740f, -0.818615f, -0.574003f, -0.451705f,
	0.441440f, -0.522260f, 0.729640f, 0.691184f,
	-0.897073f, -0.238985f, 0.371679f, 0.033848f
	},
	{
	-0.019740f, -0.818615f, -0.574003f, -0.451705f,
	0.441441f, -0.522259f, 0.729640f, 0.691184f,
	-0.897073f, -0.238985f, 0.371680f, 0.033848f
	},
	{
	-0.835245f, -0.184894f, -0.517861f, 0.237586f,
	0.343230f, 0.560477f, -0.753696f, 0.888769f,
	0.429603f, -0.807267f, -0.404675f, 0.030138f
	},
	{
	-0.352622f, 0.779408f, -0.517861f, 0.400893f,
	0.619058f, -0.220702f, -0.753696f, 0.821661f,
	-0.701730f, -0.586356f, -0.404675f, -0.053858f
	},
	{
	0.035932f, 0.854710f, -0.517861f, 0.464534f,
	0.453465f, -0.475722f, -0.753697f, 0.709933f,
	-0.890549f, -0.207750f, -0.404675f, 0.072790f
	},
	{
	0.035932f, 0.854710f, -0.517861f, 0.464534f,
	0.453465f, -0.475722f, -0.753696f, 0.709933f,
	-0.890549f, -0.207750f, -0.404675f, 0.072790f
	},
	{
	0.558051f, 0.689598f, -0.461556f, -0.126387f,
	0.788356f, -0.614193f, 0.035524f, 0.518492f,
	-0.258987f, -0.383695f, -0.886399f, -0.019683f
	},
	{
	-0.421784f, 0.780426f, -0.461556f, -0.275784f,
	0.870245f, 0.491337f, 0.035524f, 0.307440f,
	0.254504f, -0.386684f, -0.886399f, 0.049651f
	},
	{
	0.843049f, 0.294496f, -0.450045f, -0.190779f,
	0.336983f, -0.941388f, 0.015239f, 0.132054f,
	-0.419178f, -0.164505f, -0.892876f, -0.001641f
	},
	{
	-0.489927f, -0.490926f, -0.720391f, 0.126285f,
	0.717042f, -0.696913f, -0.012723f, 0.518492f,
	-0.495804f, -0.522784f, 0.693451f, -0.019707f
	},
	{
	0.191541f, -0.666595f, -0.720391f, 0.257444f,
	0.957298f, 0.288822f, -0.012723f, 0.326531f,
	0.216546f, -0.687192f, 0.693451f, 0.113025f
	},
	{
	-0.647452f, -0.243407f, -0.722190f, 0.218842f,
	0.335283f, -0.941966f, 0.016896f, 0.133601f,
	-0.684391f, -0.231199f, 0.691488f, 0.069383f
	},
	{
	0.064902f, 0.374918f, -0.924783f, -0.000042f,
	-0.989867f, -0.093103f, -0.107215f, 0.936985f,
	-0.126297f, 0.922371f, 0.365076f, 0.073130f
	},
	{
	-0.000004f, 0.000096f, -1.000000f, -0.000049f,
	-0.999330f, -0.036609f, 0.000000f, 0.473604f,
	-0.036609f, 0.999330f, 0.000096f, 0.003838f
	},
	{
	-0.000023f, 0.000093f, -1.000000f, -0.000048f,
	-0.969986f, -0.243160f, 0.000000f, 0.678011f,
	-0.243160f, 0.969986f, 0.000096f, 0.011326f
	},
	{
	0.784415f, 0.195343f, -0.588672f, -0.237678f,
	0.299256f, 0.712129f, 0.635073f, 0.880813f,
	0.543267f, -0.674324f, 0.500147f, 0.031177f
	},
	{
	0.329212f, -0.738299f, -0.588672f, -0.391047f,
	0.753420f, -0.170412f, 0.635073f, 0.822302f,
	-0.569191f, -0.652591f, 0.500147f, -0.075042f
	},
	{
	-0.011212f, -0.810569f, -0.585535f, -0.450463f,
	0.445121f, -0.528400f, 0.722952f, 0.686325f,
	-0.895400f, -0.252529f, 0.366726f, 0.027685f
	},
	{
	-0.011212f, -0.810569f, -0.585535f, -0.450463f,
	0.445122f, -0.528400f, 0.722952f, 0.686325f,
	-0.895399f, -0.252529f, 0.366727f, 0.027685f
	},
	{
	-0.828550f, -0.201147f, -0.522537f, 0.237586f,
	0.332689f, 0.573779f, -0.748395f, 0.883730f,
	0.450358f, -0.793925f, -0.408485f, 0.031863f
	},
	{
	-0.368266f, 0.768984f, -0.522537f, 0.399584f,
	0.630209f, -0.206740f, -0.748395f, 0.818683f,
	-0.683533f, -0.604916f, -0.408485f, -0.056191f
	},
	{
	0.039608f, 0.851696f, -0.522537f, 0.466049f,
	0.457272f, -0.480424f, -0.748395f, 0.704943f,
	-0.888445f, -0.209299f, -0.408485f, 0.067173f
	},
	{
	0.039608f, 0.851696f, -0.522537f, 0.466049f,
	0.457272f, -0.480424f, -0.748395f, 0.704943f,
	-0.888445f, -0.209299f, -0.408485f, 0.067173f
	},
	{
	0.569148f, 0.680563f, -0.461416f, -0.126387f,
	0.778940f, -0.625974f, 0.037531f, 0.513563f,
	-0.263292f, -0.380776f, -0.886390f, -0.018766f
	},
	{
	-0.435866f, 0.772733f, -0.461415f, -0.278755f,
	0.860626f, 0.507853f, 0.037531f, 0.305031f,
	0.263333f, -0.380747f, -0.886390f, 0.051720f
	},
	{
	0.843820f, 0.294884f, -0.448342f, -0.190912f,
	0.336829f, -0.941451f, 0.014731f, 0.131584f,
	-0.417748f, -0.163445f, -0.893740f, -0.001351f
	},
	{
	-0.499346f, -0.481470f, -0.720305f, 0.126285f,
	0.704631f, -0.709430f, -0.014279f, 0.513563f,
	-0.504131f, -0.514680f, 0.693510f, -0.018790f
	},
	{
	0.207099f, -0.662019f, -0.720305f, 0.259966f,
	0.949761f, 0.312650f, -0.014279f, 0.324925f,
	0.234657f, -0.681161f, 0.693510f, 0.116172f
	},
	{
	-0.648610f, -0.245082f, -0.720583f, 0.218228f,
	0.335690f, -0.941798f, 0.018160f, 0.133514f,
	-0.683094f, -0.230113f, 0.693131f, 0.068880f
	},
	{
	0.054530f, 0.317744f, -0.946607f, -0.000042f,
	-0.991234f, -0.097031f, -0.089670f, 0.931852f,
	-0.120343f, 0.943199f, 0.309667f, 0.074960f
	},
	{
	-0.000004f, 0.000096f, -1.000000f, -0.000049f,
	-0.999250f, -0.038708f, 0.000000f, 0.468937f,
	-0.038708f, 0.999250f, 0.000096f, 0.006016f
	},
	{
	-0.000023f, 0.000093f, -1.000000f, -0.000048f,
	-0.969473f, -0.245197f, 0.000000f, 0.673327f,
	-0.245197f, 0.969473f, 0.000096f, 0.013934f
	},
	{
	0.770014f, 0.213923f, -0.601095f, -0.237678f,
	0.289664f, 0.722215f, 0.628092f, 0.876087f,
	0.568483f, -0.657756f, 0.494150f, 0.034211f
	},
	{
	0.339001f, -0.723715f, -0.601095f, -0.388231f,
	0.760330f, -0.165522f, 0.628092f, 0.819451f,
	-0.554054f, -0.669955f, 0.494150f, -0.076939f
	},
	{
	-0.001783f, -0.803437f, -0.595387f, -0.449414f,
	0.449022f, -0.532634f, 0.717412f, 0.682227f,
	-0.893518f, -0.266063f, 0.361711f, 0.023057f
	},
	{
	-0.001783f, -0.803437f, -0.595387f, -0.449414f,
	0.449023f, -0.532634f, 0.717411f, 0.682227f,
	-0.893518f, -0.266063f, 0.361712f, 0.023057f
	},
	{
	-0.822055f, -0.216721f, -0.526553f, 0.237586f,
	0.321789f, 0.586093f, -0.743604f, 0.879003f,
	0.469763f, -0.780722f, -0.412062f, 0.034903f
	},
	{
	-0.383198f, 0.758881f, -0.526553f, 0.398314f,
	0.640265f, -0.192650f, -0.743604f, 0.816086f,
	-0.665748f, -0.622081f, -0.412062f, -0.056945f
	},
	{
	0.042874f, 0.849060f, -0.526553f, 0.467474f,
	0.460854f, -0.484424f, -0.743604f, 0.700531f,
	-0.886440f, -0.210783f, -0.412062f, 0.063209f
	},
	{
	0.042874f, 0.849060f, -0.526553f, 0.467474f,
	0.460854f, -0.484424f, -0.743604f, 0.700531f,
	-0.886440f, -0.210783f, -0.412062f, 0.063209f
	},
	{
	0.579481f, 0.671912f, -0.461233f, -0.126387f,
	0.769935f, -0.636899f, 0.039508f, 0.508943f,
	-0.267213f, -0.378013f, -0.886399f, -0.016504f
	},
	{
	-0.449466f, 0.765013f, -0.461233f, -0.281521f,
	0.850942f, 0.523771f, 0.039508f, 0.302822f,
	0.271805f, -0.374726f, -0.886399f, 0.055032f
	},
	{
	0.844426f, 0.295708f, -0.446657f, -0.190937f,
	0.337231f, -0.941312f, 0.014357f, 0.131327f,
	-0.416198f, -0.162750f, -0.894590f, 0.000254f
	},
	{
	-0.508123f, -0.472452f, -0.720139f, 0.126285f,
	0.692758f, -0.720997f, -0.015789f, 0.508943f,
	-0.511759f, -0.506905f, 0.693650f, -0.016528f
	},
	{
	0.221539f, -0.657510f, -0.720139f, 0.262316f,
	0.942176f, 0.334746f, -0.015789f, 0.323483f,
	0.251445f, -0.675000f, 0.693650f, 0.120476f
	},
	{
	-0.649878f, -0.246454f, -0.718971f, 0.217667f,
	0.335777f, -0.941743f, 0.019309f, 0.133601f,
	-0.681845f, -0.228866f, 0.694771f, 0.069800f
	},
	{
	0.044594f, 0.261340f, -0.964216f, -0.000042f,
	-0.992416f, -0.099083f, -0.072754f, 0.927034f,
	-0.114551f, 0.960148f, 0.254939f, 0.078101f
	},
	{
	-0.000004f, 0.000096f, -1.000000f, -0.000049f,
	-0.999171f, -0.040697f, 0.000000f, 0.466447f,
	-0.040697f, 0.999171f, 0.000096f, 0.006016f
	},
	{
	-0.000024f, 0.000093f, -1.000000f, -0.000048f,
	-0.968983f, -0.247126f, 0.000000f, 0.670822f,
	-0.247126f, 0.968983f, 0.000096f, 0.014340f
	},
	{
	0.756684f, 0.231057f, -0.611590f, -0.237678f,
	0.279763f, 0.731057f, 0.622325f, 0.873540f,
	0.590899f, -0.642003f, 0.488539f, 0.035021f
	},
	{
	0.348236f, -0.710415f, -0.611590f, -0.385625f,
	0.766196f, -0.160174f, 0.622325f, 0.818841f,
	-0.540070f, -0.685314f, 0.488539f, -0.080512f
	},
	{
	0.006945f, -0.797332f, -0.603501f, -0.448475f,
	0.452479f, -0.535691f, 0.712950f, 0.680558f,
	-0.891748f, -0.278023f, 0.357055f, 0.016960f
	},
	{
	0.006945f, -0.797332f, -0.603501f, -0.448475f,
	0.452479f, -0.535691f, 0.712950f, 0.680558f,
	-0.891747f, -0.278024f, 0.357056f, 0.016960f
	},
	{
	-0.816004f, -0.231327f, -0.529741f, 0.237586f,
	0.310767f, 0.597166f, -0.739470f, 0.876455f,
	0.487402f, -0.768037f, -0.415401f, 0.035719f
	},
	{
	-0.397181f, 0.749414f, -0.529741f, 0.397131f,
	0.649028f, -0.178734f, -0.739470f, 0.815694f,
	-0.648852f, -0.637521f, -0.415401f, -0.059578f
	},
	{
	0.045651f, 0.846930f, -0.529741f, 0.468814f,
	0.464199f, -0.487547f, -0.739470f, 0.698557f,
	-0.884553f, -0.212148f, -0.415401f, 0.057527f
	},
	{
	0.045651f, 0.846930f, -0.529741f, 0.468815f,
	0.464199f, -0.487547f, -0.739470f, 0.698557f,
	-0.884553f, -0.212148f, -0.415401f, 0.057527f
	},
	{
	0.588819f, 0.663897f, -0.461012f, -0.126387f,
	0.761609f, -0.646711f, 0.041432f, 0.506498f,
	-0.270635f, -0.375507f, -0.886426f, -0.016424f
	},
	{
	-0.461249f, 0.758101f, -0.461012f, -0.284021f,
	0.842181f, 0.537601f, 0.041432f, 0.302606f,
	0.279250f, -0.369145f, -0.886426f, 0.056028f
	},
	{
	0.845225f, 0.295822f, -0.445066f, -0.191063f,
	0.336929f, -0.941424f, 0.014126f, 0.132877f,
	-0.414817f, -0.161895f, -0.895386f, -0.000251f
	},
	{
	-0.516085f, -0.464132f, -0.719887f, 0.126285f,
	0.681772f, -0.731362f, -0.017230f, 0.506498f,
	-0.518501f, -0.499691f, 0.693877f, -0.016449f
	},
	{
	0.234440f, -0.653300f, -0.719887f, 0.264447f,
	0.934905f, 0.354481f, -0.017230f, 0.323980f,
	0.266443f, -0.668986f, 0.693877f, 0.122360f
	},
	{
	-0.651254f, -0.247389f, -0.717403f, 0.217199f,
	0.335397f, -0.941858f, 0.020318f, 0.135563f,
	-0.680718f, -0.227383f, 0.696362f, 0.068663f
	},
	{
	0.035220f, 0.207106f, -0.977684f, -0.000042f,
	-0.993394f, -0.099656f, -0.056896f, 0.924400f,
	-0.109216f, 0.973229f, 0.202227f, 0.079012f
	},
	{
	-0.000004f, 0.000096f, -1.000000f, -0.000049f,
	-0.999094f, -0.042545f, 0.000000f, 0.461676f,
	-0.042545f, 0.999094f, 0.000096f, 0.008298f
	},
	{
	-0.000024f, 0.000093f, -1.000000f, -0.000048f,
	-0.968525f, -0.248918f, 0.000000f, 0.666035f,
	-0.248918f, 0.968525f, 0.000096f, 0.017000f
	},
	{
	0.745064f, 0.245638f, -0.620114f, -0.237678f,
	0.270636f, 0.738408f, 0.617664f, 0.868715f,
	0.609619f, -0.628024f, 0.483683f, 0.038056f
	},
	{
	0.355996f, -0.699089f, -0.620114f, -0.383353f,
	0.770956f, -0.155295f, 0.617664f, 0.815800f,
	-0.528103f, -0.697967f, 0.483683f, -0.081137f
	},
	{
	0.013974f, -0.792265f, -0.610018f, -0.447603f,
	0.455116f, -0.538179f, 0.709389f, 0.676658f,
	-0.890322f, -0.287541f, 0.353052f, 0.014175f
	},
	{
	0.013974f, -0.792265f, -0.610018f, -0.447603f,
	0.455116f, -0.538178f, 0.709389f, 0.676658f,
	-0.890322f, -0.287542f, 0.353052f, 0.014175f
	},
	{
	-0.810665f, -0.244695f, -0.531928f, 0.237586f,
	0.299877f, 0.606771f, -0.736140f, 0.871628f,
	0.502888f, -0.756276f, -0.418509f, 0.038759f
	},
	{
	-0.410000f, 0.740914f, -0.531928f, 0.396087f,
	0.656331f, -0.165307f, -0.736140f, 0.812996f,
	-0.633348f, -0.650938f, -0.418509f, -0.059566f
	},
	{
	0.047182f, 0.845474f, -0.531928f, 0.470084f,
	0.467697f, -0.489241f, -0.736141f, 0.694541f,
	-0.882629f, -0.214049f, -0.418509f, 0.054741f
	},
	{
	0.047182f, 0.845474f, -0.531928f, 0.470084f,
	0.467697f, -0.489241f, -0.736141f, 0.694541f,
	-0.882629f, -0.214049f, -0.418509f, 0.054741f
	},
	{
	0.596947f, 0.656780f, -0.460754f, -0.126387f,
	0.754243f, -0.655166f, 0.043285f, 0.501768f,
	-0.273442f, -0.373359f, -0.886472f, -0.014068f
	},
	{
	-0.470670f, 0.752446f, -0.460754f, -0.286197f,
	0.834875f, 0.548735f, 0.043285f, 0.299848f,
	0.285401f, -0.364299f, -0.886472f, 0.059135f
	},
	{
	0.846296f, 0.294908f, -0.443636f, -0.191340f,
	0.335591f, -0.941903f, 0.014054f, 0.131591f,
	-0.413717f, -0.160774f, -0.896097f, 0.001617f
	},
	{
	-0.523072f, -0.456783f, -0.719545f, 0.126285f,
	0.672032f, -0.740288f, -0.018582f, 0.501768f,
	-0.524183f, -0.493277f, 0.694197f, -0.014093f
	},
	{
	0.245658f, -0.649544f, -0.719545f, 0.266318f,
	0.928195f, 0.371629f, -0.018582f, 0.321857f,
	0.279473f, -0.663313f, 0.694197f, 0.126238f
	},
	{
	-0.652643f, -0.248022f, -0.715920f, 0.216809f,
	0.334785f, -0.942057f, 0.021169f, 0.134792f,
	-0.679688f, -0.225864f, 0.697861f, 0.069913f
	},
	{
	0.026475f, 0.155978f, -0.987406f, -0.000042f,
	-0.994173f, -0.099147f, -0.042318f, 0.919493f,
	-0.104499f, 0.982772f, 0.152444f, 0.082141f
	},
	{
	-0.000004f, 0.000096f, -1.000000f, -0.000049f,
	-0.999022f, -0.044224f, 0.000000f, 0.458633f,
	-0.044224f, 0.999022f, 0.000096f, 0.009024f
	},
	{
	-0.000024f, 0.000093f, -1.000000f, -0.000048f,
	-0.968105f, -0.250545f, 0.000000f, 0.662977f,
	-0.250545f, 0.968105f, 0.000096f, 0.018070f
	},
	{
	0.735482f, 0.257504f, -0.626704f, -0.237678f,
	0.262659f, 0.744272f, 0.614060f, 0.865621f,
	0.624561f, -0.616239f, 0.479763f, 0.039466f
	},
	{
	0.362221f, -0.689955f, -0.626704f, -0.381479f,
	0.774666f, -0.151074f, 0.614060f, 0.814266f,
	-0.518352f, -0.707912f, 0.479763f, -0.082648f
	},
	{
	0.019282f, -0.788294f, -0.614996f, -0.446853f,
	0.457021f, -0.540138f, 0.706670f, 0.674454f,
	-0.889247f, -0.294692f, 0.349852f, 0.010904f
	},
	{
	0.019282f, -0.788294f, -0.614996f, -0.446853f,
	0.457021f, -0.540137f, 0.706670f, 0.674454f,
	-0.889246f, -0.294693f, 0.349853f, 0.010904f
	},
	{
	-0.806340f, -0.255930f, -0.533213f, 0.237586f,
	0.290095f, 0.614507f, -0.733639f, 0.868533f,
	0.515423f, -0.746245f, -0.421257f, 0.040174f
	},
	{
	-0.420836f, 0.733881f, -0.533213f, 0.395242f,
	0.661993f, -0.153425f, -0.733639f, 0.811814f,
	-0.620212f, -0.661725f, -0.421257f, -0.060602f
	},
	{
	0.047346f, 0.844655f, -0.533213f, 0.471194f,
	0.471292f, -0.489549f, -0.733639f, 0.692337f,
	-0.880706f, -0.216565f, -0.421257f, 0.051334f
	},
	{
	0.047346f, 0.844655f, -0.533213f, 0.471194f,
	0.471292f, -0.489549f, -0.733639f, 0.692337f,
	-0.880706f, -0.216565f, -0.421257f, 0.051334f
	},
	{
	0.603655f, 0.650827f, -0.460462f, -0.126387f,
	0.748123f, -0.662029f, 0.045045f, 0.498763f,
	-0.275523f, -0.371674f, -0.886536f, -0.013275f
	},
	{
	-0.478002f, 0.747990f, -0.460462f, -0.287993f,
	0.828968f, 0.557480f, 0.045045f, 0.298481f,
	0.290392f, -0.360176f, -0.886536f, 0.060486f
	},
	{
	0.847408f, 0.293558f, -0.442406f, -0.191658f,
	0.333902f, -0.942501f, 0.014178f, 0.131414f,
	-0.412806f, -0.159735f, -0.896703f, 0.001962f
	},
	{
	-0.528935f, -0.450680f, -0.719107f, 0.126285f,
	0.663906f, -0.747553f, -0.019824f, 0.498763f,
	-0.528637f, -0.487906f, 0.694616f, -0.013299f
	},
	{
	0.255047f, -0.646402f, -0.719107f, 0.267887f,
	0.922302f, 0.385961f, -0.019824f, 0.321027f,
	0.290362f, -0.658178f, 0.694616f, 0.128223f
	},
	{
	-0.653864f, -0.248730f, -0.714560f, 0.216486f,
	0.334596f, -0.942111f, 0.021763f, 0.135150f,
	-0.678608f, -0.224859f, 0.699235f, 0.069705f
	},
	{
	0.018457f, 0.108865f, -0.993885f, -0.000042f,
	-0.994760f, -0.097977f, -0.029205f, 0.916325f,
	-0.100557f, 0.989216f, 0.106486f, 0.083636f
	},
	{
	-0.000004f, 0.000096f, -1.000000f, -0.000049f,
	-0.998955f, -0.045704f, 0.000000f, 0.456973f,
	-0.045704f, 0.998955f, 0.000096f, 0.009024f
	},
	{
	-0.000024f, 0.000093f, -1.000000f, -0.000048f,
	-0.967733f, -0.251979f, 0.000000f, 0.661303f,
	-0.251979f, 0.967733f, 0.000096f, 0.018373f
	},
	{
	0.728239f, 0.266482f, -0.631392f, -0.237678f,
	0.256189f, 0.748655f, 0.611459f, 0.863916f,
	0.635637f, -0.607044f, 0.476930f, 0.040069f
	},
	{
	0.366840f, -0.683208f, -0.631392f, -0.380063f,
	0.777372f, -0.147684f, 0.611459f, 0.813826f,
	-0.511000f, -0.715134f, 0.476930f, -0.084211f
	},
	{
	0.022851f, -0.785459f, -0.618492f, -0.446271f,
	0.458281f, -0.541596f, 0.704735f, 0.673526f,
	-0.888513f, -0.299547f, 0.347585f, 0.008014f
	},
	{
	0.022851f, -0.785459f, -0.618492f, -0.446271f,
	0.458282f, -0.541596f, 0.704735f, 0.673526f,
	-0.888513f, -0.299547f, 0.347586f, 0.008014f
	},
	{
	-0.803292f, -0.263270f, -0.534239f, 0.237586f,
	0.283491f, 0.619851f, -0.731722f, 0.866827f,
	0.523789f, -0.739238f, -0.423287f, 0.040781f
	},
	{
	-0.428019f, 0.728964f, -0.534239f, 0.394646f,
	0.665949f, -0.145242f, -0.731722f, 0.811399f,
	-0.610993f, -0.668966f, -0.423287f, -0.061630f
	},
	{
	0.047915f, 0.843975f, -0.534239f, 0.471895f,
	0.473717f, -0.490077f, -0.731722f, 0.691208f,
	-0.879373f, -0.218017f, -0.423287f, 0.048642f
	},
	{
	0.047915f, 0.843975f, -0.534239f, 0.471895f,
	0.473717f, -0.490077f, -0.731722f, 0.691208f,
	-0.879373f, -0.218017f, -0.423287f, 0.048642f
	},
	{
	0.608736f, 0.646307f, -0.460139f, -0.126387f,
	0.743533f, -0.667067f, 0.046694f, 0.497136f,
	-0.276765f, -0.370553f, -0.886618f, -0.013215f
	},
	{
	-0.483504f, 0.744645f, -0.460139f, -0.289353f,
	0.824369f, 0.564123f, 0.046694f, 0.298083f,
	0.294346f, -0.356747f, -0.886618f, 0.060878f
	},
	{
	0.848317f, 0.292437f, -0.441405f, -0.191909f,
	0.332632f, -0.942944f, 0.014558f, 0.131943f,
	-0.411963f, -0.159175f, -0.897190f, 0.001557f
	},
	{
	-0.533469f, -0.446113f, -0.718605f, 0.126285f,
	0.657806f, -0.752896f, -0.020933f, 0.497136f,
	-0.531697f, -0.483870f, 0.695103f, -0.013240f
	},
	{
	0.262484f, -0.643979f, -0.718605f, 0.269101f,
	0.917447f, 0.397307f, -0.020933f, 0.321034f,
	0.298987f, -0.653788f, 0.695103f, 0.129102f
	},
	{
	-0.654630f, -0.250136f, -0.713366f, 0.216201f,
	0.335921f, -0.941635f, 0.021914f, 0.136135f,
