#include "game/component/Animator.h"
#include "game/resource/animation.h"

// 17 bones
AnimationMatrix const mario_animation_idle_center[] = { // 29 frames
	{
	-0.000002f, 0.000096f, -1.000000f, -0.000049f,
	-0.999873f, -0.015914f, 0.000000f, 0.514368f,
	-0.015914f, 0.999873f, 0.000096f, -0.003008f
	},
	{
	-0.000021f, 0.000093f, -1.000000f, -0.000049f,
	-0.974812f, -0.223028f, 0.000000f, 0.718886f,
	-0.223028f, 0.974812f, 0.000096f, 0.000247f
	},
	{
	0.893055f, 0.055568f, -0.446503f, -0.237679f,
	0.321852f, 0.614565f, 0.720223f, 0.922054f,
	0.314426f, -0.786906f, 0.530956f, 0.015896f
	},
	{
	0.276043f, -0.851138f, -0.446503f, -0.412289f,
	0.675322f, -0.158803f, 0.720223f, 0.859126f,
	-0.683915f, -0.500346f, 0.530956f, -0.045581f
	},
	{
	-0.053307f, -0.885997f, -0.460617f, -0.462109f,
	0.415325f, -0.439154f, 0.796648f, 0.737244f,
	-0.908109f, -0.148839f, 0.391387f, 0.077852f
	},
	{
	-0.053307f, -0.885997f, -0.460617f, -0.462109f,
	0.415326f, -0.439154f, 0.796648f, 0.737244f,
	-0.908109f, -0.148839f, 0.391388f, 0.077852f
	},
	{
	-0.879095f, -0.063789f, -0.472358f, 0.237585f,
	0.397526f, 0.448670f, -0.800417f, 0.924986f,
	0.262991f, -0.891418f, -0.369066f, 0.016521f
	},
	{
	-0.231540f, 0.850451f, -0.472358f, 0.409466f,
	0.516702f, -0.303893f, -0.800417f, 0.847262f,
	-0.824262f, -0.429397f, -0.369066f, -0.034899f
	},
	{
	0.001307f, 0.881406f, -0.472358f, 0.451254f,
	0.418088f, -0.429575f, -0.800417f, 0.754008f,
	-0.908406f, -0.196441f, -0.369066f, 0.113864f
	},
	{
	0.001307f, 0.881406f, -0.472358f, 0.451254f,
	0.418088f, -0.429575f, -0.800417f, 0.754008f,
	-0.908406f, -0.196441f, -0.369066f, 0.113864f
	},
	{
	0.467820f, 0.754349f, -0.460546f, -0.126387f,
	0.854991f, -0.518271f, 0.019596f, 0.553850f,
	-0.223905f, -0.402930f, -0.887419f, -0.026434f
	},
	{
	-0.315876f, 0.829530f, -0.460546f, -0.251628f,
	0.930693f, 0.365277f, 0.019596f, 0.324958f,
	0.184482f, -0.422436f, -0.887419f, 0.033508f
	},
	{
	0.836194f, 0.298130f, -0.460323f, -0.187968f,
	0.345115f, -0.938364f, 0.019179f, 0.137390f,
	-0.426232f, -0.174902f, -0.887544f, -0.003672f
	},
	{
	-0.412894f, -0.559994f, -0.718280f, 0.126285f,
	0.804974f, -0.593310f, -0.000165f, 0.553850f,
	-0.426070f, -0.578265f, 0.695754f, -0.026459f
	},
	{
	0.079751f, -0.691168f, -0.718280f, 0.236821f,
	0.993389f, 0.114794f, -0.000165f, 0.338349f,
	0.082569f, -0.713518f, 0.695754f, 0.087605f
	},
	{
	-0.638673f, -0.240525f, -0.730920f, 0.220749f,
	0.345296f, -0.938467f, 0.007105f, 0.138145f,
	-0.687653f, -0.247846f, 0.682426f, 0.070965f
	},
	{
	0.141593f, 0.741463f, -0.655884f, -0.000043f,
	-0.977741f, 0.001118f, -0.209811f, 0.973990f,
	-0.154834f, 0.670993f, 0.725117f, 0.058613f
	},
	{
	-0.000002f, 0.000096f, -1.000000f, -0.000049f,
	-0.999840f, -0.017880f, 0.000000f, 0.512864f,
	-0.017880f, 0.999840f, 0.000096f, -0.003008f
	},
	{
	-0.000022f, 0.000093f, -1.000000f, -0.000048f,
	-0.974371f, -0.224945f, 0.000000f, 0.717375f,
	-0.224945f, 0.974371f, 0.000096f, 0.000649f
	},
	{
	0.886906f, 0.063584f, -0.457553f, -0.237679f,
	0.323474f, 0.621634f, 0.713397f, 0.920512f,
	0.329791f, -0.780723f, 0.530763f, 0.016698f
	},
	{
	0.277803f, -0.844672f, -0.457553f, -0.411087f,
	0.681722f, -0.162232f, 0.713397f, 0.857267f,
	-0.676816f, -0.510108f, 0.530763f, -0.047783f
	},
	{
	-0.052984f, -0.880640f, -0.470814f, -0.461225f,
	0.417758f, -0.447783f, 0.790550f, 0.734230f,
	-0.907012f, -0.154799f, 0.391619f, 0.074369f
	},
	{
	-0.052984f, -0.880640f, -0.470813f, -0.461225f,
	0.417758f, -0.447783f, 0.790549f, 0.734229f,
	-0.907012f, -0.154800f, 0.391620f, 0.074369f
	},
	{
	-0.876049f, -0.072324f, -0.476769f, 0.237585f,
	0.395471f, 0.457997f, -0.796142f, 0.923443f,
	0.275939f, -0.886007f, -0.372625f, 0.017329f
	},
	{
	-0.240735f, 0.845422f, -0.476769f, 0.408870f,
	0.525957f, -0.299211f, -0.796142f, 0.846121f,
	-0.815730f, -0.442419f, -0.372625f, -0.036623f
	},
	{
	0.004476f, 0.879018f, -0.476769f, 0.452318f,
	0.421702f, -0.433965f, -0.796142f, 0.751196f,
	-0.906724f, -0.197490f, -0.372626f, 0.110600f
	},
	{
	0.004476f, 0.879018f, -0.476769f, 0.452318f,
	0.421702f, -0.433965f, -0.796142f, 0.751196f,
	-0.906724f, -0.197490f, -0.372626f, 0.110600f
	},
	{
	0.474877f, 0.749672f, -0.460960f, -0.126387f,
	0.850432f, -0.525658f, 0.021216f, 0.552392f,
	-0.226402f, -0.402090f, -0.887167f, -0.026357f
	},
	{
	-0.324096f, 0.826122f, -0.460960f, -0.253517f,
	0.926634f, 0.375366f, 0.021216f, 0.324721f,
	0.190556f, -0.420265f, -0.887167f, 0.034254f
	},
	{
	0.836545f, 0.297844f, -0.459871f, -0.188200f,
	0.344768f, -0.938489f, 0.019333f, 0.137971f,
	-0.425826f, -0.174722f, -0.887775f, -0.004150f
	},
	{
	-0.418899f, -0.554842f, -0.718801f, 0.126285f,
	0.798968f, -0.601372f, -0.001421f, 0.552392f,
	-0.431478f, -0.574894f, 0.695215f, -0.026381f
	},
	{
	0.088369f, -0.689577f, -0.718801f, 0.238429f,
	0.991700f, 0.128567f, -0.001421f, 0.338498f,
	0.093394f, -0.712709f, 0.695215f, 0.089131f
	},
	{
	-0.638988f, -0.240647f, -0.730605f, 0.220620f,
	0.344833f, -0.938633f, 0.007575f, 0.138635f,
	-0.687593f, -0.247097f, 0.682758f, 0.070309f
	},
	{
	0.134837f, 0.713829f, -0.687217f, -0.000043f,
	-0.978609f, -0.012820f, -0.205327f, 0.972364f,
	-0.155379f, 0.700202f, 0.696831f, 0.059516f
	},
	{
	-0.000002f, 0.000096f, -1.000000f, -0.000049f,
	-0.999798f, -0.020101f, 0.000000f, 0.508352f,
	-0.020101f, 0.999798f, 0.000096f, -0.003008f
	},
	{
	-0.000022f, 0.000093f, -1.000000f, -0.000048f,
	-0.973869f, -0.227108f, 0.000000f, 0.712854f,
	-0.227108f, 0.973869f, 0.000096f, 0.001104f
	},
	{
	0.878370f, 0.075111f, -0.472043f, -0.237679f,
	0.324728f, 0.630902f, 0.704637f, 0.915956f,
	0.350739f, -0.772218f, 0.529775f, 0.017603f
	},
	{
	0.281011f, -0.835589f, -0.472043f, -0.409418f,
	0.689862f, -0.166063f, 0.704637f, 0.852465f,
	-0.667176f, -0.523655f, 0.529775f, -0.050973f
	},
	{
	-0.051509f, -0.873538f, -0.484024f, -0.460135f,
	0.420716f, -0.458541f, 0.782776f, 0.727958f,
	-0.905729f, -0.163317f, 0.391130f, 0.069438f
	},
	{
	-0.051508f, -0.873538f, -0.484024f, -0.460135f,
	0.420717f, -0.458540f, 0.782775f, 0.727958f,
	-0.905728f, -0.163318f, 0.391131f, 0.069438f
	},
	{
	-0.872000f, -0.084483f, -0.482160f, 0.237585f,
	0.391720f, 0.470254f, -0.790833f, 0.918885f,
	0.293549f, -0.878478f, -0.376968f, 0.018241f
	},
	{
	-0.253362f, 0.838647f, -0.482160f, 0.408079f,
	0.537773f, -0.292205f, -0.790833f, 0.842296f,
	-0.804119f, -0.459660f, -0.376968f, -0.039154f
	},
	{
	0.008512f, 0.876042f, -0.482160f, 0.453805f,
	0.426039f, -0.439402f, -0.790833f, 0.745239f,
	-0.904665f, -0.198688f, -0.376968f, 0.105973f
	},
	{
	0.008512f, 0.876042f, -0.482160f, 0.453806f,
	0.426039f, -0.439402f, -0.790833f, 0.745239f,
	-0.904665f, -0.198688f, -0.376968f, 0.105973f
	},
	{
	0.484487f, 0.743301f, -0.461277f, -0.126387f,
	0.844016f, -0.535821f, 0.023065f, 0.547932f,
	-0.230018f, -0.400500f, -0.886956f, -0.026269f
	},
	{
	-0.335095f, 0.821544f, -0.461277f, -0.256090f,
	0.921097f, 0.388650f, 0.023065f, 0.321978f,
	0.198224f, -0.417152f, -0.886956f, 0.035310f
	},
	{
	0.837193f, 0.297290f, -0.459049f, -0.188556f,
	0.343866f, -0.938824f, 0.019125f, 0.136344f,
	-0.425281f, -0.173863f, -0.888205f, -0.004640f
	},
	{
	-0.427128f, -0.547927f, -0.719262f, 0.126285f,
	0.790500f, -0.612455f, -0.002870f, 0.547931f,
	-0.438943f, -0.569803f, 0.694733f, -0.026293f
	},
	{
	0.099784f, -0.687536f, -0.719262f, 0.240632f,
	0.989196f, 0.146567f, -0.002870f, 0.336305f,
	0.107394f, -0.711205f, 0.694733f, 0.091217f
	},
	{
	-0.639712f, -0.240635f, -0.729975f, 0.220522f,
	0.343575f, -0.939087f, 0.008477f, 0.136946f,
	-0.687549f, -0.245378f, 0.683421f, 0.069573f
	},
	{
	0.126641f, 0.678763f, -0.723356f, -0.000043f,
	-0.979919f, -0.027619f, -0.197475f, 0.967712f,
	-0.154017f, 0.733838f, 0.661634f, 0.060537f
	},
	{
	-0.000002f, 0.000096f, -1.000000f, -0.000049f,
	-0.999746f, -0.022525f, 0.000000f, 0.505344f,
	-0.022525f, 0.999746f, 0.000096f, 0.000000f
	},
	{
	-0.000022f, 0.000093f, -1.000000f, -0.000048f,
	-0.973316f, -0.229469f, 0.000000f, 0.709836f,
	-0.229469f, 0.973316f, 0.000096f, 0.004608f
	},
	{
	0.867600f, 0.089612f, -0.489121f, -0.237679f,
	0.325158f, 0.641958f, 0.694378f, 0.912897f,
	0.376220f, -0.761485f, 0.527825f, 0.021599f
	},
	{
	0.285565f, -0.824144f, -0.489121f, -0.407312f,
	0.699289f, -0.169803f, 0.694378f, 0.849322f,
	-0.655322f, -0.540327f, 0.527825f, -0.051959f
	},
	{
	-0.048784f, -0.864975f, -0.499437f, -0.458851f,
	0.424056f, -0.470665f, 0.773725f, 0.723114f,
	-0.904321f, -0.174044f, 0.389760f, 0.066313f
	},
	{
	-0.048784f, -0.864975f, -0.499437f, -0.458851f,
	0.424057f, -0.470665f, 0.773724f, 0.723114f,
	-0.904320f, -0.174044f, 0.389760f, 0.066313f
	},
	{
	-0.866981f, -0.099581f, -0.488290f, 0.237585f,
	0.386270f, 0.484798f, -0.784708f, 0.915824f,
	0.314864f, -0.868939f, -0.381845f, 0.022244f
	},
	{
	-0.268720f, 0.830279f, -0.488290f, 0.407098f,
	0.551493f, -0.282999f, -0.784708f, 0.840301f,
	-0.789712f, -0.480155f, -0.381845f, -0.039318f
	},
	{
	0.013184f, 0.872582f, -0.488290f, 0.455596f,
	0.430871f, -0.445627f, -0.784708f, 0.740767f,
	-0.902317f, -0.200044f, -0.381846f, 0.103209f
	},
	{
	0.013184f, 0.872582f, -0.488290f, 0.455596f,
	0.430871f, -0.445627f, -0.784708f, 0.740767f,
	-0.902317f, -0.200044f, -0.381845f, 0.103209f
	},
	{
	0.496098f, 0.735460f, -0.461503f, -0.126387f,
	0.835996f, -0.548161f, 0.025105f, 0.544980f,
	-0.234514f, -0.398270f, -0.886783f, -0.023165f
	},
	{
	-0.348362f, 0.815879f, -0.461503f, -0.259198f,
	0.914179f, 0.404534f, 0.025105f, 0.321174f,
	0.207176f, -0.413151f, -0.886783f, 0.039617f
	},
	{
	0.838074f, 0.296580f, -0.457900f, -0.188991f,
	0.342587f, -0.939302f, 0.018640f, 0.136934f,
	-0.424578f, -0.172492f, -0.888808f, -0.002136f
	},
	{
	-0.437082f, -0.539494f, -0.719656f, 0.126285f,
	0.779907f, -0.625879f, -0.004482f, 0.544980f,
	-0.448000f, -0.563224f, 0.694316f, -0.023189f
	},
	{
	0.113541f, -0.684984f, -0.719656f, 0.243297f,
	0.985759f, 0.168106f, -0.004482f, 0.336189f,
	0.124049f, -0.708899f, 0.694316f, 0.096746f
	},
	{
	-0.640774f, -0.240601f, -0.729054f, 0.220414f,
	0.341800f, -0.939723f, 0.009713f, 0.137524f,
	-0.687446f, -0.242967f, 0.684387f, 0.071746f
	},
	{
	0.117176f, 0.636429f, -0.762383f, -0.000043f,
	-0.981550f, -0.042578f, -0.186405f, 0.964548f,
	-0.151094f, 0.770159f, 0.619698f, 0.064658f
	},
	{
	-0.000002f, 0.000096f, -1.000000f, -0.000049f,
	-0.999685f, -0.025100f, 0.000000f, 0.499328f,
	-0.025100f, 0.999685f, 0.000096f, 0.000000f
	},
	{
	-0.000022f, 0.000093f, -1.000000f, -0.000048f,
	-0.972722f, -0.231975f, 0.000000f, 0.703807f,
	-0.231975f, 0.972722f, 0.000096f, 0.005134f
	},
	{
	0.854779f, 0.106558f, -0.507936f, -0.237679f,
	0.324334f, 0.654373f, 0.683083f, 0.906824f,
	0.405168f, -0.748626f, 0.524784f, 0.022649f
	},
	{
	0.291373f, -0.810619f, -0.507936f, -0.404805f,
	0.709561f, -0.172974f, 0.683083f, 0.843410f,
	-0.641580f, -0.559443f, 0.524784f, -0.056569f
	},
	{
	-0.044723f, -0.855272f, -0.516245f, -0.457392f,
	0.427660f, -0.483408f, 0.763822f, 0.715348f,
	-0.902832f, -0.186617f, 0.387385f, 0.059223f
	},
	{
	-0.044722f, -0.855272f, -0.516245f, -0.457392f,
	0.427661f, -0.483408f, 0.763821f, 0.715348f,
	-0.902832f, -0.186618f, 0.387386f, 0.059223f
	},
	{
	-0.861040f, -0.116936f, -0.494910f, 0.237585f,
	0.379141f, 0.500976f, -0.777994f, 0.909749f,
	0.338914f, -0.857525f, -0.387026f, 0.023301f
	},
	{
	-0.286114f, 0.820489f, -0.494910f, 0.405936f,
	0.566462f, -0.271746f, -0.777994f, 0.835620f,
	-0.772825f, -0.502943f, -0.387026f, -0.042963f
	},
	{
	0.018265f, 0.868752f, -0.494911f, 0.457574f,
	0.435985f, -0.452374f, -0.777994f, 0.733385f,
	-0.899768f, -0.201563f, -0.387026f, 0.096516f
	},
	{
	0.018265f, 0.868752f, -0.494911f, 0.457574f,
	0.435985f, -0.452374f, -0.777994f, 0.733385f,
	-0.899768f, -0.201563f, -0.387026f, 0.096516f
	},
	{
	0.509163f, 0.726386f, -0.461645f, -0.126387f,
	0.826632f, -0.562080f, 0.027300f, 0.539023f,
	-0.239652f, -0.395511f, -0.886644f, -0.023063f
	},
	{
	-0.363388f, 0.809217f, -0.461645f, -0.262696f,
	0.905990f, 0.422419f, 0.027300f, 0.317724f,
	0.217099f, -0.408325f, -0.886644f, 0.041095f
	},
	{
	0.839122f, 0.295824f, -0.456467f, -0.189460f,
	0.341105f, -0.939854f, 0.017961f, 0.135135f,
	-0.423699f, -0.170774f, -0.889559f, -0.002658f
	},
	{
	-0.448273f, -0.529798f, -0.719976f, 0.126285f,
	0.767539f, -0.640972f, -0.006224f, 0.539023f,
	-0.458187f, -0.555400f, 0.693971f, -0.023087f
	},
	{
	0.129190f, -0.681868f, -0.719976f, 0.246293f,
	0.981279f, 0.192489f, -0.006224f, 0.333544f,
	0.142832f, -0.705694f, 0.693970f, 0.099575f
	},
	{
	-0.642097f, -0.240660f, -0.727869f, 0.220257f,
	0.339792f, -0.940434f, 0.011190f, 0.135781f,
	-0.687206f, -0.240139f, 0.685624f, 0.070790f
	},
	{
	0.106617f, 0.587186f, -0.802400f, -0.000042f,
	-0.983385f, -0.056976f, -0.172359f, 0.958364f,
	-0.146925f, 0.807444f, 0.571355f, 0.065841f
	},
	{
	-0.000003f, 0.000096f, -1.000000f, -0.000049f,
	-0.999614f, -0.027776f, 0.000000f, 0.493312f,
	-0.027776f, 0.999614f, 0.000096f, 0.000000f
	},
	{
	-0.000022f, 0.000093f, -1.000000f, -0.000048f,
	-0.972097f, -0.234578f, 0.000000f, 0.697777f,
	-0.234578f, 0.972097f, 0.000096f, 0.005682f
	},
	{
	0.840151f, 0.125437f, -0.527648f, -0.237679f,
	0.321877f, 0.667703f, 0.671243f, 0.900746f,
	0.436510f, -0.733783f, 0.520596f, 0.023740f
	},
	{
	0.298360f, -0.795342f, -0.527648f, -0.401945f,
	0.720252f, -0.175126f, 0.671243f, 0.837812f,
	-0.626273f, -0.580312f, 0.520596f, -0.061607f
	},
	{
	-0.039253f, -0.844794f, -0.533650f, -0.455793f,
	0.431452f, -0.496041f, 0.753520f, 0.707821f,
	-0.901281f, -0.200666f, 0.383959f, 0.051423f
	},
	{
	-0.039253f, -0.844794f, -0.533650f, -0.455793f,
	0.431452f, -0.496040f, 0.753520f, 0.707821f,
	-0.901281f, -0.200667f, 0.383960f, 0.051423f
	},
	{
	-0.854265f, -0.135875f, -0.501766f, 0.237586f,
	0.370403f, 0.518144f, -0.770927f, 0.903670f,
	0.364737f, -0.844431f, -0.392304f, 0.024400f
	},
	{
	-0.304871f, 0.809497f, -0.501766f, 0.404611f,
	0.582040f, -0.258652f, -0.770927f, 0.831248f,
	-0.753845f, -0.527081f, -0.392304f, -0.046914f
	},
	{
	0.023533f, 0.864683f, -0.501766f, 0.459635f,
	0.441195f, -0.459368f, -0.770927f, 0.726202f,
	-0.897103f, -0.203234f, -0.392304f, 0.089140f
	},
	{
	0.023533f, 0.864683f, -0.501766f, 0.459635f,
	0.441195f, -0.459368f, -0.770927f, 0.726202f,
	-0.897102f, -0.203234f, -0.392304f, 0.089140f
	},
	{
	0.523144f, 0.716342f, -0.461708f, -0.126387f,
	0.816212f, -0.576993f, 0.029611f, 0.533069f,
	-0.245191f, -0.392342f, -0.886537f, -0.022956f
	},
	{
	-0.379669f, 0.801672f, -0.461708f, -0.266439f,
	0.896668f, 0.441712f, 0.029611f, 0.314559f,
	0.227680f, -0.402756f, -0.886537f, 0.042684f
	},
	{
	0.840271f, 0.295134f, -0.454797f, -0.189922f,
	0.339600f, -0.940413f, 0.017168f, 0.133848f,
	-0.422630f, -0.168875f, -0.890429f, -0.003202f
	},
	{
	-0.460222f, -0.519123f, -0.720213f, 0.126285f,
	0.753782f, -0.657075f, -0.008060f, 0.533069f,
	-0.469049f, -0.546594f, 0.693706f, -0.022980f
	},
	{
	0.146282f, -0.678155f, -0.720213f, 0.249492f,
	0.975687f, 0.219021f, -0.008060f, 0.331272f,
	0.163208f, -0.701523f, 0.693706f, 0.102590f
	},
	{
	-0.643602f, -0.240934f, -0.726449f, 0.220011f,
	0.337844f, -0.941115f, 0.012816f, 0.134636f,
	-0.686759f, -0.237178f, 0.687101f, 0.069697f
	},
	{
	0.095166f, 0.531636f, -0.841609f, -0.000042f,
	-0.985312f, -0.070111f, -0.155703f, 0.952170f,
	-0.141783f, 0.844066f, 0.517155f, 0.067070f
	},
	{
	-0.000003f, 0.000096f, -1.000000f, -0.000049f,
	-0.999535f, -0.030500f, 0.000000f, 0.487296f,
	-0.030500f, 0.999535f, 0.000096f, 0.000000f
	},
	{
	-0.000023f, 0.000093f, -1.000000f, -0.000048f,
	-0.971454f, -0.237227f, 0.000000f, 0.691745f,
	-0.237227f, 0.971454f, 0.000096f, 0.006239f
	},
	{
	0.824052f, 0.145773f, -0.547438f, -0.237678f,
	0.317484f, 0.681491f, 0.659374f, 0.894663f,
	0.469193f, -0.717161f, 0.515303f, 0.024850f
	},
	{
	0.306485f, -0.778703f, -0.547438f, -0.398797f,
	0.730959f, -0.175855f, 0.659374f, 0.832589f,
	-0.609726f, -0.602243f, 0.515303f, -0.066887f
	},
	{
	-0.032335f, -0.833960f, -0.550877f, -0.454112f,
	0.435401f, -0.507871f, 0.743298f, 0.700665f,
	-0.899655f, -0.215818f, 0.379529f, 0.043157f
	},
	{
	-0.032335f, -0.833960f, -0.550877f, -0.454111f,
	0.435402f, -0.507871f, 0.743298f, 0.700665f,
	-0.899655f, -0.215819f, 0.379530f, 0.043157f
	},
	{
	-0.846805f, -0.155743f, -0.508592f, 0.237586f,
	0.360191f, 0.535671f, -0.763753f, 0.897586f,
	0.391387f, -0.829940f, -0.397512f, 0.025518f
	},
	{
	-0.324347f, 0.797580f, -0.508592f, 0.403153f,
	0.597620f, -0.243991f, -0.763753f, 0.827161f,
	-0.733246f, -0.551666f, -0.397512f, -0.051006f
	},
	{
	0.028776f, 0.860527f, -0.508592f, 0.461691f,
	0.446346f, -0.466322f, -0.763753f, 0.719302f,
	-0.894398f, -0.205030f, -0.397512f, 0.081330f
	},
	{
	0.028776f, 0.860527f, -0.508592f, 0.461691f,
	0.446346f, -0.466322f, -0.763753f, 0.719302f,
	-0.894398f, -0.205030f, -0.397512f, 0.081330f
	},
	{
	0.537523f, 0.705624f, -0.461696f, -0.126387f,
	0.805059f, -0.592331f, 0.032001f, 0.527115f,
	-0.250896f, -0.388894f, -0.886461f, -0.022848f
	},
	{
	-0.396711f, 0.793383f, -0.461696f, -0.270288f,
	0.886387f, 0.461838f, 0.032001f, 0.311592f,
	0.238618f, -0.396546f, -0.886461f, 0.044320f
	},
	{
	0.841449f, 0.294631f, -0.452942f, -0.190337f,
	0.338254f, -0.940913f, 0.016343f, 0.132953f,
	-0.421364f, -0.166961f, -0.891390f, -0.003770f
	},
	{
	-0.472480f, -0.507785f, -0.720359f, 0.126285f,
	0.739067f, -0.673559f, -0.009955f, 0.527115f,
	-0.480149f, -0.537097f, 0.693530f, -0.022872f
	},
	{
	0.164382f, -0.673841f, -0.720359f, 0.252773f,
	0.968960f, 0.247017f, -0.009955f, 0.329258f,
	0.184649f, -0.696362f, 0.693530f, 0.105670f
	},
	{
	-0.645196f, -0.241560f, -0.724824f, 0.219645f,
	0.336260f, -0.941657f, 0.014503f, 0.133978f,
	-0.686040f, -0.234372f, 0.688781f, 0.068456f
	},
	{
	0.083056f, 0.470640f, -0.878408f, -0.000042f,
	-0.987236f, -0.081336f, -0.136925f, 0.945970f,
	-0.135889f, 0.878568f, 0.457877f, 0.068320f
	},
	{
	-0.000003f, 0.000096f, -1.000000f, -0.000049f,
	-0.999448f, -0.033222f, 0.000000f, 0.481280f,
	-0.033222f, 0.999448f, 0.000096f, 0.003008f
	},
	{
	-0.000023f, 0.000093f, -1.000000f, -0.000048f,
	-0.970805f, -0.239871f, 0.000000f, 0.685711f,
	-0.239871f, 0.970805f, 0.000096f, 0.009804f
	},
	{
	0.806917f, 0.167143f, -0.566523f, -0.237678f,
	0.310936f, 0.695275f, 0.648006f, 0.888578f,
	0.502198f, -0.699039f, 0.509059f, 0.028967f
	},
	{
	0.315734f, -0.761160f, -0.566523f, -0.395447f,
	0.741304f, -0.174806f, 0.648006f, 0.827784f,
	-0.592267f, -0.624563f, 0.509059f, -0.069223f
	},
	{
	-0.023960f, -0.823244f, -0.567181f, -0.452431f,
	0.439523f, -0.518245f, 0.733649f, 0.693993f,
	-0.897911f, -0.231711f, 0.374253f, 0.037670f
	},
	{
	-0.023960f, -0.823244f, -0.567181f, -0.452430f,
	0.439524f, -0.518245f, 0.733649f, 0.693994f,
	-0.897911f, -0.231711f, 0.374253f, 0.037670f
	},
	{
	-0.838877f, -0.175913f, -0.515112f, 0.237586f,
	0.348714f, 0.552957f, -0.756728f, 0.891499f,
	0.417953f, -0.814428f, -0.402519f, 0.029643f
	},
	{
	-0.343944f, 0.785087f, -0.515112f, 0.401603f,
	0.612641f, -0.228109f, -0.756728f, 0.823318f,
	-0.711599f, -0.575851f, -0.402519f, -0.052075f
	},
	{
	0.033800f, 0.856456f, -0.515112f, 0.463678f,
	0.451318f, -0.472942f, -0.756728f, 0.712749f,
	-0.891723f, -0.206902f, -0.402519f, 0.076355f
	},
	{
	0.033800f, 0.856456f, -0.515112f, 0.463678f,
	0.451318f, -0.472942f, -0.756728f, 0.712749f,
	-0.891723f, -0.206902f, -0.402519f, 0.076355f
	},
	{
	0.551805f, 0.694567f, -0.461614f, -0.126387f,
	0.793536f, -0.607548f, 0.034432f, 0.521162f,
	-0.256538f, -0.385307f, -0.886412f, -0.019731f
	},
	{
	-0.414041f, 0.784527f, -0.461614f, -0.274112f,
	0.875362f, 0.482240f, 0.034432f, 0.308723f,
	0.249621f, -0.389824f, -0.886412f, 0.048947f
	},
	{
	0.842579f, 0.294441f, -0.450959f, -0.190668f,
	0.337260f, -0.941283f, 0.015558f, 0.132306f,
	-0.419899f, -0.165200f, -0.892409f, -0.001361f
	},
	{
	-0.484624f, -0.496142f, -0.720405f, 0.126285f,
	0.723872f, -0.689832f, -0.011869f, 0.521162f,
	-0.491070f, -0.527233f, 0.693452f, -0.019756f
	},
	{
	0.183074f, -0.668955f, -0.720405f, 0.256025f,
	0.961137f, 0.275817f, -0.011869f, 0.327373f,
	0.206640f, -0.690235f, 0.693452f, 0.111710f
	},
	{
	-0.646778f, -0.242691f, -0.723035f, 0.219129f,
	0.335368f, -0.941948f, 0.016173f, 0.133669f,
	-0.684986f, -0.232022f, 0.690622f, 0.070064f
	},
	{
	0.070555f, 0.405292f, -0.911461f, -0.000042f,
	-0.989081f, -0.090097f, -0.116626f, 0.939766f,
	-0.129387f, 0.909737f, 0.394510f, 0.072577f
	},
	{
	-0.000003f, 0.000096f, -1.000000f, -0.000049f,
	-0.999356f, -0.035890f, 0.000000f, 0.475264f,
	-0.035889f, 0.999356f, 0.000096f, 0.003008f
	},
	{
	-0.000023f, 0.000093f, -1.000000f, -0.000048f,
	-0.970161f, -0.242461f, 0.000000f, 0.679676f,
	-0.242461f, 0.970161f, 0.000096f, 0.010349f
	},
	{
	0.789285f, 0.189184f, -0.584157f, -0.237678f,
	0.302103f, 0.708596f, 0.637672f, 0.882492f,
	0.534569f, -0.679780f, 0.502130f, 0.030054f
	},
	{
	0.326133f, -0.743235f, -0.584157f, -0.391999f,
	0.750934f, -0.171677f, 0.637672f, 0.823424f,
	-0.574226f, -0.646629f, 0.502130f, -0.074465f
	},
	{
	-0.014159f, -0.813165f, -0.581861f, -0.450860f,
	0.443871f, -0.526551f, 0.725067f, 0.687896f,
	-0.895978f, -0.248005f, 0.368396f, 0.029172f
	},
	{
	-0.014159f, -0.813165f, -0.581861f, -0.450860f,
	0.443872f, -0.526550f, 0.725067f, 0.687896f,
	-0.895978f, -0.248005f, 0.368397f, 0.029172f
	},
	{
	-0.830771f, -0.195791f, -0.521043f, 0.237586f,
	0.336254f, 0.569442f, -0.750113f, 0.885410f,
	0.443569f, -0.798375f, -0.407240f, 0.030738f
	},
	{
	-0.363118f, 0.772437f, -0.521043f, 0.400018f,
	0.626603f, -0.211423f, -0.750113f, 0.819665f,
	-0.689576f, -0.598866f, -0.407240f, -0.055989f
	},
	{
	0.038424f, 0.852665f, -0.521043f, 0.465554f,
	0.456027f, -0.478926f, -0.750113f, 0.706576f,
	-0.889136f, -0.208787f, -0.407240f, 0.068466f
	},
	{
	0.038424f, 0.852665f, -0.521043f, 0.465554f,
	0.456027f, -0.478926f, -0.750113f, 0.706576f,
	-0.889136f, -0.208787f, -0.407240f, 0.068466f
	},
	{
	0.565522f, 0.683544f, -0.461467f, -0.126387f,
	0.782046f, -0.622129f, 0.036865f, 0.515206f,
	-0.261894f, -0.381736f, -0.886391f, -0.019625f
	},
	{
	-0.431213f, 0.775309f, -0.461467f, -0.277784f,
	0.863850f, 0.502399f, 0.036865f, 0.305843f,
	0.260422f, -0.382742f, -0.886391f, 0.050487f
	},
	{
	0.843579f, 0.294709f, -0.448910f, -0.190879f,
	0.336823f, -0.941450f, 0.014887f, 0.131746f,
	-0.418239f, -0.163762f, -0.893453f, -0.001997f
	},
	{
	-0.496269f, -0.484586f, -0.720343f, 0.126285f,
	0.708725f, -0.705350f, -0.013765f, 0.515206f,
	-0.501424f, -0.517356f, 0.693482f, -0.019649f
	},
	{
	0.201969f, -0.663562f, -0.720343f, 0.259142f,
	0.952317f, 0.304799f, -0.013765f, 0.325472f,
	0.228694f, -0.683215f, 0.693481f, 0.114588f
	},
	{
	-0.648228f, -0.244504f, -0.721123f, 0.218438f,
	0.335514f, -0.941868f, 0.017750f, 0.133546f,
	-0.683543f, -0.230441f, 0.692579f, 0.068498f
	},
	{
	0.057959f, 0.336864f, -0.939768f, -0.000042f,
	-0.990794f, -0.095954f, -0.095502f, 0.933563f,
	-0.122346f, 0.936651f, 0.328201f, 0.073800f
	},
	{
	-0.000004f, 0.000096f, -1.000000f, -0.000049f,
	-0.999260f, -0.038451f, 0.000000f, 0.469248f,
	-0.038451f, 0.999260f, 0.000096f, 0.006016f
	},
	{
	-0.000023f, 0.000093f, -1.000000f, -0.000048f,
	-0.969536f, -0.244948f, 0.000000f, 0.673640f,
	-0.244948f, 0.969536f, 0.000096f, 0.013881f
	},
	{
	0.771784f, 0.211610f, -0.599643f, -0.237678f,
	0.290937f, 0.721005f, 0.628894f, 0.876405f,
	0.565425f, -0.659828f, 0.494895f, 0.034106f
	},
	{
	0.337745f, -0.725504f, -0.599643f, -0.388577f,
	0.759516f, -0.166214f, 0.628894f, 0.819521f,
	-0.555934f, -0.667844f, 0.494895f, -0.076446f
	},
	{
	-0.002993f, -0.804269f, -0.594257f, -0.449534f,
	0.448528f, -0.532210f, 0.718035f, 0.682443f,
	-0.893763f, -0.264392f, 0.362331f, 0.023889f
	},
	{
	-0.002993f, -0.804269f, -0.594257f, -0.449534f,
	0.448529f, -0.532209f, 0.718035f, 0.682443f,
	-0.893763f, -0.264393f, 0.362331f, 0.023889f
	},
	{
	-0.822848f, -0.214821f, -0.526093f, 0.237586f,
	0.323164f, 0.584616f, -0.744170f, 0.879321f,
	0.467426f, -0.782352f, -0.411628f, 0.034797f
	},
	{
	-0.381379f, 0.760116f, -0.526093f, 0.398469f,
	0.639075f, -0.194408f, -0.744170f, 0.816136f,
	-0.667932f, -0.620023f, -0.411628f, -0.056594f
	},
	{
	0.042490f, 0.849365f, -0.526093f, 0.467300f,
	0.460419f, -0.483968f, -0.744170f, 0.700796f,
	-0.886684f, -0.210603f, -0.411628f, 0.063955f
	},
	{
	0.042490f, 0.849365f, -0.526093f, 0.467300f,
	0.460419f, -0.483968f, -0.744170f, 0.700796f,
	-0.886684f, -0.210603f, -0.411628f, 0.063955f
	},
	{
	0.578239f, 0.672964f, -0.461258f, -0.126387f,
	0.771029f, -0.635588f, 0.039263f, 0.509248f,
	-0.266748f, -0.378347f, -0.886397f, -0.016514f
	},
	{
	-0.447812f, 0.765967f, -0.461258f, -0.281188f,
	0.852141f, 0.521837f, 0.039263f, 0.302835f,
	0.270776f, -0.375475f, -0.886397f, 0.054897f
	},
	{
	0.844356f, 0.295592f, -0.446865f, -0.190938f,
	0.337162f, -0.941337f, 0.014396f, 0.131097f,
	-0.416395f, -0.162821f, -0.894486f, 0.000326f
	},
	{
	-0.507067f, -0.473546f, -0.720165f, 0.126285f,
	0.694201f, -0.719612f, -0.015603f, 0.509248f,
	-0.510850f, -0.507851f, 0.693628f, -0.016539f
	},
	{
	0.219816f, -0.658061f, -0.720165f, 0.262033f,
	0.943112f, 0.332109f, -0.015603f, 0.323402f,
	0.249441f, -0.675766f, 0.693627f, 0.120222f
	},
	{
	-0.649711f, -0.246310f, -0.719171f, 0.217732f,
	0.335797f, -0.941739f, 0.019172f, 0.133331f,
	-0.681994f, -0.229039f, 0.694568f, 0.069951f
	},
	{
	0.045807f, 0.268291f, -0.962248f, -0.000042f,
	-0.992279f, -0.098915f, -0.074815f, 0.927364f,
	-0.115254f, 0.958246f, 0.261688f, 0.077983f
	},
	{
	-0.000004f, 0.000096f, -1.000000f, -0.000049f,
	-0.999165f, -0.040857f, 0.000000f, 0.466240f,
	-0.040857f, 0.999165f, 0.000096f, 0.006016f
	},
	{
	-0.000024f, 0.000093f, -1.000000f, -0.000048f,
	-0.968944f, -0.247281f, 0.000000f, 0.670613f,
	-0.247281f, 0.968944f, 0.000096f, 0.014373f
	},
	{
	0.755646f, 0.232371f, -0.612375f, -0.237678f,
	0.278967f, 0.731727f, 0.621894f, 0.873328f,
	0.592602f, -0.640764f, 0.488103f, 0.035086f
	},
	{
	0.348940f, -0.709393f, -0.612375f, -0.385422f,
	0.766634f, -0.159747f, 0.621894f, 0.818785f,
	-0.538992f, -0.686471f, 0.488103f, -0.080779f
	},
	{
	0.007596f, -0.796869f, -0.604104f, -0.448399f,
	0.452729f, -0.535919f, 0.712620f, 0.680422f,
	-0.891616f, -0.278909f, 0.356695f, 0.016498f
	},
	{
	0.007596f, -0.796869f, -0.604104f, -0.448399f,
	0.452730f, -0.535919f, 0.712619f, 0.680422f,
	-0.891615f, -0.278909f, 0.356695f, 0.016498f
	},
	{
	-0.815528f, -0.232492f, -0.529964f, 0.237586f,
	0.309851f, 0.598026f, -0.739160f, 0.876243f,
	0.488780f, -0.767016f, -0.415669f, 0.035784f
	},
	{
	-0.398297f, 0.748664f, -0.529964f, 0.397038f,
	0.649695f, -0.177592f, -0.739160f, 0.815661f,
	-0.647500f, -0.638720f, -0.415669f, -0.059782f
	},
	{
	0.045858f, 0.846779f, -0.529964f, 0.468923f,
	0.464467f, -0.487763f, -0.739160f, 0.698404f,
	-0.884402f, -0.212254f, -0.415669f, 0.057079f
	},
	{
	0.045858f, 0.846779f, -0.529964f, 0.468923f,
	0.464467f, -0.487763f, -0.739160f, 0.698404f,
	-0.884402f, -0.212254f, -0.415669f, 0.057079f
	},
	{
	0.589546f, 0.663266f, -0.460992f, -0.126387f,
	0.760955f, -0.647470f, 0.041590f, 0.506294f,
	-0.270894f, -0.375313f, -0.886429f, -0.016418f
	},
	{
	-0.462120f, 0.757582f, -0.460992f, -0.284215f,
	0.841517f, 0.538627f, 0.041590f, 0.302578f,
	0.279810f, -0.368713f, -0.886429f, 0.056104f
	},
	{
	0.845307f, 0.295777f, -0.444940f, -0.191082f,
	0.336848f, -0.941453f, 0.014114f, 0.132982f,
	-0.414716f, -0.161808f, -0.895449f, -0.000288f
	},
	{
	-0.516707f, -0.463479f, -0.719862f, 0.126285f,
	0.680908f, -0.732164f, -0.017346f, 0.506294f,
	-0.519017f, -0.499123f, 0.693900f, -0.016442f
	},
	{
	0.235441f, -0.652967f, -0.719862f, 0.264614f,
	0.934320f, 0.356013f, -0.017346f, 0.324007f,
	0.267607f, -0.668497f, 0.693900f, 0.122505f
	},
	{
	-0.651370f, -0.247452f, -0.717276f, 0.217164f,
	0.335353f, -0.941872f, 0.020395f, 0.135708f,
	-0.680629f, -0.227256f, 0.696491f, 0.068573f
	},
	{
	0.034466f, 0.202714f, -0.978631f, -0.000042f,
	-0.993466f, -0.099650f, -0.055630f, 0.924181f,
	-0.108797f, 0.974154f, 0.197955f, 0.079085f
	},
	{
	-0.000004f, 0.000096f, -1.000000f, -0.000049f,
	-0.999073f, -0.043053f, 0.000000f, 0.460224f,
	-0.043053f, 0.999073f, 0.000096f, 0.009024f
	},
	{
	-0.000024f, 0.000093f, -1.000000f, -0.000048f,
	-0.968398f, -0.249410f, 0.000000f, 0.664578f,
	-0.249410f, 0.968398f, 0.000096f, 0.017830f
	},
	{
	0.742045f, 0.249387f, -0.622234f, -0.237678f,
	0.268174f, 0.740272f, 0.616506f, 0.867247f,
	0.614371f, -0.624342f, 0.482436f, 0.038989f
	},
	{
	0.357973f, -0.696190f, -0.622234f, -0.382763f,
	0.772145f, -0.153988f, 0.616506f, 0.814814f,
	-0.525022f, -0.701147f, 0.482436f, -0.081133f
	},
	{
	0.015700f, -0.790991f, -0.611626f, -0.447370f,
	0.455743f, -0.538803f, 0.708512f, 0.675457f,
	-0.889972f, -0.289868f, 0.352029f, 0.013623f
	},
	{
	0.015700f, -0.790991f, -0.611626f, -0.447370f,
	0.455744f, -0.538803f, 0.708511f, 0.675457f,
	-0.889972f, -0.289869f, 0.352030f, 0.013623f
	},
	{
	-0.809282f, -0.248324f, -0.532352f, 0.237586f,
	0.296764f, 0.609265f, -0.735341f, 0.870160f,
	0.506946f, -0.753081f, -0.419373f, 0.039694f
	},
	{
	-0.413490f, 0.738666f, -0.532352f, 0.395817f,
	0.658165f, -0.161529f, -0.735341f, 0.812137f,
	-0.629162f, -0.654432f, -0.419373f, -0.059424f
	},
	{
	0.047240f, 0.845204f, -0.532352f, 0.470444f,
	0.468829f, -0.489359f, -0.735342f, 0.693351f,
	-0.882025f, -0.214844f, -0.419374f, 0.054127f
	},
	{
	0.047240f, 0.845204f, -0.532352f, 0.470444f,
	0.468829f, -0.489359f, -0.735341f, 0.693351f,
	-0.882025f, -0.214844f, -0.419373f, 0.054127f
	},
	{
	0.599059f, 0.654911f, -0.460672f, -0.126387f,
	0.752317f, -0.657343f, 0.043808f, 0.500328f,
	-0.274129f, -0.372816f, -0.886488f, -0.013322f
	},
	{
	-0.473012f, 0.751026f, -0.460672f, -0.286762f,
	0.833011f, 0.551519f, 0.043808f, 0.298923f,
	0.286971f, -0.363023f, -0.886488f, 0.060066f
	},
	{
	0.846626f, 0.294533f, -0.443255f, -0.191433f,
	0.335104f, -0.942076f, 0.014068f, 0.131042f,
	-0.413436f, -0.160447f, -0.896285f, 0.002231f
	},
	{
	-0.524905f, -0.454862f, -0.719427f, 0.126285f,
	0.669479f, -0.742589f, -0.018956f, 0.500328f,
	-0.525616f, -0.491592f, 0.694309f, -0.013346f
	},
	{
	0.248592f, -0.648557f, -0.719427f, 0.266808f,
	0.926381f, 0.376110f, -0.018956f, 0.321100f,
	0.282878f, -0.661751f, 0.694309f, 0.127368f
	},
	{
	-0.653037f, -0.248168f, -0.715510f, 0.216708f,
	0.334595f, -0.942119f, 0.021384f, 0.134401f,
	-0.679402f, -0.225442f, 0.698275f, 0.070357f
	},
	{
	0.024056f, 0.141782f, -0.989605f, -0.000042f,
	-0.994363f, -0.098855f, -0.038335f, 0.918003f,
	-0.103262f, 0.984949f, 0.138605f, 0.083100f
	},
	{
	-0.000004f, 0.000096f, -1.000000f, -0.000049f,
	-0.998987f, -0.044990f, 0.000000f, 0.457717f,
	-0.044990f, 0.998987f, 0.000096f, 0.009024f
	},
	{
	-0.000024f, 0.000093f, -1.000000f, -0.000048f,
	-0.967912f, -0.251288f, 0.000000f, 0.662054f,
	-0.251288f, 0.967912f, 0.000096f, 0.018227f
	},
	{
	0.731550f, 0.262365f, -0.629284f, -0.237678f,
	0.259214f, 0.746648f, 0.612637f, 0.864682f,
	0.630588f, -0.611294f, 0.478202f, 0.039778f
	},
	{
	0.364736f, -0.686272f, -0.629284f, -0.380711f,
	0.776141f, -0.149265f, 0.612637f, 0.814000f,
	-0.514365f, -0.711864f, 0.478202f, -0.083515f
	},
	{
	0.021285f, -0.786733f, -0.616926f, -0.446538f,
	0.457726f, -0.540928f, 0.705609f, 0.673922f,
	-0.888838f, -0.297402f, 0.348595f, 0.009318f
	},
	{
	0.021285f, -0.786733f, -0.616926f, -0.446538f,
	0.457727f, -0.540928f, 0.705608f, 0.673922f,
	-0.888838f, -0.297403f, 0.348595f, 0.009318f
	},
	{
	-0.804650f, -0.260081f, -0.533758f, 0.237586f,
	0.286390f, 0.617468f, -0.732608f, 0.867593f,
	0.520115f, -0.742355f, -0.422361f, 0.040488f
	},
	{
	-0.424877f, 0.731152f, -0.533758f, 0.394911f,
	0.664172f, -0.148866f, -0.732608f, 0.811598f,
	-0.615105f, -0.665775f, -0.422361f, -0.061204f
	},
	{
	0.047581f, 0.844298f, -0.533758f, 0.471593f,
	0.472649f, -0.489785f, -0.732608f, 0.691729f,
	-0.879965f, -0.217421f, -0.422361f, 0.049810f
	},
	{
	0.047581f, 0.844298f, -0.533758f, 0.471593f,
	0.472649f, -0.489785f, -0.732608f, 0.691729f,
	-0.879965f, -0.217421f, -0.422361f, 0.049810f
	},
	{
	0.606412f, 0.648371f, -0.460304f, -0.126387f,
	0.745619f, -0.664791f, 0.045885f, 0.497864f,
	-0.276256f, -0.371037f, -0.886574f, -0.013244f
	},
	{
	-0.480966f, 0.746185f, -0.460304f, -0.288731f,
	0.826511f, 0.561047f, 0.045885f, 0.298253f,
	0.292491f, -0.358378f, -0.886574f, 0.060713f
	},
	{
	0.847910f, 0.292906f, -0.441876f, -0.191799f,
	0.333140f, -0.942769f, 0.014326f, 0.131681f,
	-0.412391f, -0.159354f, -0.896961f, 0.001766f
	},
	{
	-0.531399f, -0.448183f, -0.718852f, 0.126285f,
	0.660562f, -0.750494f, -0.020399f, 0.497864f,
	-0.530351f, -0.485686f, 0.694864f, -0.013268f
	},
	{
	0.259008f, -0.645110f, -0.718852f, 0.268547f,
	0.919739f, 0.392001f, -0.020399f, 0.321024f,
	0.294950f, -0.655872f, 0.694864f, 0.128713f
	},
	{
	-0.654316f, -0.249350f, -0.713929f, 0.216347f,
	0.335074f, -0.941937f, 0.021889f, 0.135663f,
	-0.677935f, -0.224896f, 0.699875f, 0.069270f
	},
	{
	0.014757f, 0.087086f, -0.996091f, -0.000042f,
	-0.994985f, -0.097281f, -0.023245f, 0.915352f,
	-0.098925f, 0.991439f, 0.085214f, 0.083988f
	},
	{
	-0.000004f, 0.000096f, -1.000000f, -0.000049f,
	-0.998913f, -0.046616f, 0.000000f, 0.456213f,
	-0.046616f, 0.998913f, 0.000096f, 0.009024f
	},
	{
	-0.000024f, 0.000093f, -1.000000f, -0.000048f,
	-0.967502f, -0.252863f, 0.000000f, 0.660535f,
	-0.252863f, 0.967502f, 0.000096f, 0.018559f
	},
	{
	0.724673f, 0.270989f, -0.633573f, -0.237678f,
	0.252703f, 0.750867f, 0.610197f, 0.863127f,
	0.641085f, -0.602299f, 0.475653f, 0.040441f
	},
	{
	0.369093f, -0.679968f, -0.633573f, -0.379366f,
	0.778704f, -0.145874f, 0.610197f, 0.813719f,
	-0.507336f, -0.718585f, 0.475653f, -0.084904f
	},
	{
	0.024316f, -0.784148f, -0.620097f, -0.445980f,
	0.458829f, -0.542337f, 0.703809f, 0.673178f,
	-0.888192f, -0.301632f, 0.346602f, 0.006660f
	},
	{
	0.024316f, -0.784148f, -0.620097f, -0.445980f,
	0.458829f, -0.542337f, 0.703808f, 0.673178f,
	-0.888191f, -0.301633f, 0.346603f, 0.006660f
	},
	{
	-0.801948f, -0.266221f, -0.534796f, 0.237586f,
	0.280721f, 0.622284f, -0.730725f, 0.866038f,
	0.527328f, -0.736131f, -0.424306f, 0.041156f
	},
	{
	-0.431008f, 0.726791f, -0.534796f, 0.394383f,
	0.667813f, -0.141657f, -0.730725f, 0.811151f,
	-0.606842f, -0.672091f, -0.424306f, -0.061948f
	},
	{
	0.048491f, 0.843589f, -0.534796f, 0.472171f,
	0.474780f, -0.490536f, -0.730725f, 0.690624f,
	-0.878768f, -0.218476f, -0.424306f, 0.047575f
	},
	{
	0.048491f, 0.843589f, -0.534796f, 0.472172f,
	0.474780f, -0.490536f, -0.730725f, 0.690624f,
	-0.878768f, -0.218476f, -0.424306f, 0.047575f
	},
	{
	0.611238f, 0.644117f, -0.459893f, -0.126387f,
	0.741362f, -0.669402f, 0.047785f, 0.496396f,
	-0.277074f, -0.370155f, -0.886687f, -0.013179f
	},
	{
	-0.486429f, 0.742890f, -0.459893f, -0.290023f,
	0.821843f, 0.567706f, 0.047785f, 0.297925f,
	0.296583f, -0.354716f, -0.886687f, 0.060997f
	},
	{
	0.848679f, 0.292252f, -0.440833f, -0.191990f,
	0.332542f, -0.942968f, 0.015057f, 0.132294f,
	-0.411291f, -0.159374f, -0.897463f, 0.001225f
	},
	{
	-0.535651f, -0.443941f, -0.718327f, 0.126285f,
	0.654986f, -0.755332f, -0.021608f, 0.496396f,
	-0.532983f, -0.482068f, 0.695370f, -0.013203f
	},
	{
	0.266509f, -0.642635f, -0.718327f, 0.269685f,
	0.914724f, 0.403500f, -0.021608f, 0.321049f,
	0.303731f, -0.651312f, 0.695370f, 0.129483f
	},
	{
	-0.654816f, -0.251429f, -0.712741f, 0.215974f,
	0.337598f, -0.941038f, 0.021803f, 0.136699f,
	-0.676198f, -0.226343f, 0.701088f, 0.068270f
	},
	{
	0.006788f, 0.040121f, -0.999172f, -0.000041f,
	-0.995353f, -0.095704f, -0.010605f, 0.913726f,
	-0.096050f, 0.994601f, 0.039285f, 0.084732f
	},
	{
	-0.000005f, 0.000096f, -1.000000f, -0.000049f,
	-0.998853f, -0.047880f, 0.000000f, 0.455712f,
	-0.047880f, 0.998853f, 0.000096f, 0.009024f
	},
	{
	-0.000024f, 0.000093f, -1.000000f, -0.000048f,
	-0.967181f, -0.254087f, 0.000000f, 0.660021f,
	-0.254087f, 0.967181f, 0.000096f, 0.018818f
	},
	{
	0.721841f, 0.274892f, -0.635122f, -0.237678f,
	0.249208f, 0.752915f, 0.609109f, 0.862586f,
	0.645633f, -0.597957f, 0.474980f, 0.040955f
	},
	{
	0.370864f, -0.677554f, -0.635122f, -0.378812f,
	0.779888f, -0.144086f, 0.609109f, 0.813861f,
	-0.504216f, -0.721221f, 0.474980f, -0.085279f
	},
	{
	0.024767f, -0.783257f, -0.621204f, -0.445746f,
	0.459186f, -0.543051f, 0.703024f, 0.673107f,
	-0.887994f, -0.302660f, 0.346211f, 0.005722f
	},
	{
	0.024768f, -0.783257f, -0.621204f, -0.445746f,
	0.459187f, -0.543051f, 0.703024f, 0.673107f,
	-0.887994f, -0.302661f, 0.346211f, 0.005722f
	},
	{
	-0.801222f, -0.267292f, -0.535349f, 0.237586f,
	0.279413f, 0.624020f, -0.729744f, 0.865495f,
	0.529123f, -0.734271f, -0.425294f, 0.041674f
	},
	{
	-0.432420f, 0.725545f, -0.535349f, 0.394241f,
	0.669331f, -0.139530f, -0.729744f, 0.810864f,
	-0.604159f, -0.673881f, -0.425294f, -0.061780f
	},
	{
	0.049518f, 0.843178f, -0.535349f, 0.472284f,
	0.475544f, -0.491255f, -0.729744f, 0.690063f,
	-0.878297f, -0.218446f, -0.425294f, 0.047259f
	},
	{
	0.049518f, 0.843178f, -0.535349f, 0.472285f,
	0.475544f, -0.491255f, -0.729744f, 0.690063f,
	-0.878297f, -0.218446f, -0.425294f, 0.047259f
	},
	{
	0.613162f, 0.642605f, -0.459446f, -0.126387f,
	0.740031f, -0.670751f, 0.049475f, 0.495923f,
	-0.276380f, -0.370340f, -0.886827f, -0.013128f
	},
	{
	-0.489818f, 0.740937f, -0.459446f, -0.290538f,
	0.818787f, 0.571961f, 0.049475f, 0.297808f,
	0.299443f, -0.351954f, -0.886827f, 0.060863f
	},
	{
	0.848706f, 0.293275f, -0.440100f, -0.191822f,
	0.334108f, -0.942394f, 0.016313f, 0.132793f,
	-0.409963f, -0.160885f, -0.897800f, 0.000514f
	},
	{
	-0.537484f, -0.442205f, -0.718029f, 0.126285f,
	0.652951f, -0.757064f, -0.022525f, 0.495923f,
	-0.533633f, -0.480945f, 0.695649f, -0.013152f
	},
	{
	0.270374f, -0.641352f, -0.718029f, 0.270176f,
	0.911956f, 0.409669f, -0.022525f, 0.321120f,
	0.308601f, -0.648720f, 0.695648f, 0.129708f
	},
	{
	-0.654714f, -0.253349f, -0.712154f, 0.215686f,
	0.340585f, -0.939973f, 0.021281f, 0.137328f,
	-0.674797f, -0.228616f, 0.701700f, 0.067514f
	},
	{
	0.000385f, 0.002282f, -0.999997f, -0.000041f,
	-0.995486f, -0.094905f, -0.000600f, 0.913128f,
	-0.094906f, 0.995483f, 0.002235f, 0.085311f
	},
	{
	-0.000005f, 0.000096f, -1.000000f, -0.000049f,
	-0.998812f, -0.048730f, 0.000000f, 0.456213f,
	-0.048730f, 0.998812f, 0.000096f, 0.009024f
	},
	{
	-0.000024f, 0.000093f, -1.000000f, -0.000048f,
	-0.966965f, -0.254910f, 0.000000f, 0.660514f,
	-0.254910f, 0.966965f, 0.000096f, 0.018992f
	},
	{
	0.723377f, 0.273630f, -0.633919f, -0.237678f,
	0.249238f, 0.752730f, 0.609325f, 0.863060f,
	0.643900f, -0.598768f, 0.476308f, 0.041302f
	},
	{
	0.369827f, -0.679246f, -0.633919f, -0.379112f,
	0.779709f, -0.144138f, 0.609325f, 0.814329f,
	-0.505253f, -0.719617f, 0.476308f, -0.084594f
	},
	{
	0.022626f, -0.784053f, -0.620282f, -0.445859f,
	0.458913f, -0.543066f, 0.703190f, 0.673607f,
	-0.888192f, -0.300566f, 0.347525f, 0.006594f
	},
	{
	0.022626f, -0.784053f, -0.620282f, -0.445859f,
	0.458914f, -0.543066f, 0.703190f, 0.673607f,
	-0.888192f, -0.300567f, 0.347525f, 0.006595f
	},
	{
	-0.802401f, -0.263797f, -0.535317f, 0.237586f,
	0.282043f, 0.622878f, -0.729708f, 0.865969f,
	0.525932f, -0.736501f, -0.425396f, 0.042023f
	},
	{
	-0.429573f, 0.727257f, -0.535317f, 0.394472f,
	0.668839f, -0.142054f, -0.729708f, 0.810823f,
	-0.606730f, -0.671504f, -0.425396f, -0.060807f
	},
	{
	0.050205f, 0.843158f, -0.535317f, 0.472001f,
	0.475255f, -0.491587f, -0.729709f, 0.690111f,
	-0.878414f, -0.217777f, -0.425396f, 0.048695f
	},
	{
	0.050206f, 0.843158f, -0.535317f, 0.472001f,
	0.475255f, -0.491587f, -0.729709f, 0.690111f,
	-0.878414f, -0.217777f, -0.425396f, 0.048695f
	},
	{
	0.612331f, 0.643632f, -0.459116f, -0.126387f,
	0.741397f, -0.669145f, 0.050744f, 0.496443f,
	-0.274555f, -0.371460f, -0.886925f, -0.013094f
	},
	{
	-0.490795f, 0.740495f, -0.459116f, -0.290315f,
	0.817689f, 0.573420f, 0.050744f, 0.297962f,
	0.300842f, -0.350509f, -0.886925f, 0.060408f
	},
	{
	0.848166f, 0.295236f, -0.439831f, -0.191403f,
	0.336904f, -0.941371f, 0.017788f, 0.133169f,
	-0.408792f, -0.163268f, -0.897904f, -0.000222f
	},
	{
	-0.537145f, -0.442787f, -0.717924f, 0.126285f,
	0.654127f, -0.756031f, -0.023124f, 0.496443f,
	-0.532534f, -0.482035f, 0.695737f, -0.013118f
	},
	{
	0.269519f, -0.641829f, -0.717924f, 0.270085f,
	0.912265f, 0.408947f, -0.023124f, 0.321326f,
	0.308435f, -0.648705f, 0.695737f, 0.129448f
	},
	{
	-0.654562f, -0.253657f, -0.712184f, 0.215767f,
	0.341840f, -0.939536f, 0.020451f, 0.137471f,
