#include "game/component/Animator.h"
#include "game/resource/animation.h"

// 17 bones
AnimationMatrix const mario_animation_double_jump_end[] = { // 8 frames
	{
	-0.000001f, 0.000096f, -1.000000f, -0.000049f,
	-0.999964f, -0.008437f, 0.000000f, 0.511360f,
	-0.008437f, 0.999964f, 0.000096f, 0.000000f
	},
	{
	0.015158f, -0.006807f, -0.999862f, -0.000049f,
	-0.994320f, 0.105255f, -0.015790f, 0.715896f,
	0.105348f, 0.994422f, -0.005173f, 0.001726f
	},
	{
	0.394128f, 0.196501f, -0.897803f, -0.240498f,
	0.887293f, 0.173242f, 0.427432f, 0.909369f,
	0.239527f, -0.965078f, -0.106074f, -0.050647f
	},
	{
	0.439859f, -0.021775f, -0.897803f, -0.317558f,
	0.858397f, -0.283649f, 0.427432f, 0.735886f,
	-0.263968f, -0.958681f, -0.106074f, -0.097479f
	},
	{
	0.551364f, 0.071252f, -0.831217f, -0.396944f,
	0.812400f, -0.272469f, 0.515526f, 0.580962f,
	-0.189749f, -0.959523f, -0.208115f, -0.049838f
	},
	{
	0.551363f, 0.071253f, -0.831218f, -0.396944f,
	0.812401f, -0.272469f, 0.515525f, 0.580962f,
	-0.189748f, -0.959523f, -0.208115f, -0.049838f
	},
	{
	-0.445467f, -0.333637f, -0.830810f, 0.234655f,
	0.837644f, 0.172310f, -0.518327f, 0.919865f,
	0.316090f, -0.926820f, 0.202711f, -0.048505f
	},
	{
	-0.527977f, -0.176051f, -0.830810f, 0.321753f,
	0.849225f, -0.100769f, -0.518327f, 0.756089f,
	0.007532f, -0.979209f, 0.202711f, -0.110307f
	},
	{
	-0.602717f, -0.189252f, -0.775188f, 0.417042f,
	0.796792f, -0.195179f, -0.571864f, 0.602820f,
	-0.043074f, -0.962335f, 0.268432f, -0.111667f
	},
	{
	-0.602717f, -0.189252f, -0.775188f, 0.417042f,
	0.796792f, -0.195179f, -0.571864f, 0.602820f,
	-0.043074f, -0.962335f, 0.268432f, -0.111667f
	},
	{
	0.120754f, 0.290535f, -0.949214f, -0.126387f,
	0.905811f, -0.423439f, -0.014373f, 0.550665f,
	-0.406111f, -0.858073f, -0.314301f, -0.023721f
	},
	{
	-0.233559f, 0.210813f, -0.949214f, -0.158714f,
	0.701526f, 0.712499f, -0.014373f, 0.308169f,
	0.673284f, -0.669256f, -0.314302f, 0.085000f
	},
	{
	0.083042f, 0.303275f, -0.949278f, -0.111644f,
	0.952367f, -0.304634f, -0.014012f, 0.166786f,
	-0.293431f, -0.902897f, -0.314126f, -0.050691f
	},
	{
	-0.057203f, -0.293654f, -0.954199f, 0.126285f,
	0.998146f, 0.003066f, -0.060782f, 0.550665f,
	0.020775f, -0.955907f, 0.292934f, -0.023745f
	},
	{
	0.104165f, -0.280454f, -0.954199f, 0.141599f,
	0.850381f, 0.522645f, -0.060782f, 0.283450f,
	0.515754f, -0.805101f, 0.292934f, -0.029307f
	},
	{
	-0.047289f, -0.277753f, -0.959488f, 0.120606f,
	0.998880f, -0.012010f, -0.045754f, 0.112067f,
	0.001185f, -0.960577f, 0.278010f, -0.133250f
	},
	{
	-0.039543f, 0.001804f, -0.999216f, -0.004015f,
	-0.856834f, 0.514415f, 0.034838f, 0.976106f,
	0.514074f, 0.857540f, -0.018796f, -0.025843f
	},
	{
	0.000001f, 0.000096f, -1.000000f, -0.000049f,
	-0.999915f, 0.013022f, 0.000000f, 0.511360f,
	0.013022f, 0.999915f, 0.000096f, 0.000000f
	},
	{
	0.015388f, -0.005692f, -0.999865f, -0.000049f,
	-0.995600f, 0.092350f, -0.015849f, 0.715886f,
	0.092428f, 0.995710f, -0.004246f, -0.002663f
	},
	{
	0.391661f, 0.354928f, -0.848898f, -0.240579f,
	0.879517f, 0.126596f, 0.458718f, 0.909992f,
	0.270279f, -0.926282f, -0.262583f, -0.052251f
	},
	{
	0.524865f, 0.062359f, -0.848898f, -0.317157f,
	0.790199f, -0.406402f, 0.458718f, 0.738028f,
	-0.316389f, -0.911564f, -0.262583f, -0.105096f
	},
	{
	0.624224f, 0.081712f, -0.776961f, -0.411885f,
	0.705678f, -0.485686f, 0.515875f, 0.595413f,
	-0.335206f, -0.870305f, -0.360839f, -0.047994f
	},
	{
	0.624224f, 0.081712f, -0.776961f, -0.411885f,
	0.705679f, -0.485686f, 0.515875f, 0.595413f,
	-0.335206f, -0.870306f, -0.360839f, -0.047994f
	},
	{
	-0.448209f, -0.399492f, -0.799697f, 0.234575f,
	0.815211f, 0.184402f, -0.549023f, 0.920519f,
	0.366796f, -0.897999f, 0.243020f, -0.050511f
	},
	{
	-0.542749f, -0.256729f, -0.799697f, 0.322208f,
	0.834112f, -0.053211f, -0.549023f, 0.761129f,
	0.098398f, -0.965018f, 0.243020f, -0.122227f
	},
	{
	-0.631899f, -0.236644f, -0.738040f, 0.420164f,
	0.774918f, -0.175287f, -0.607270f, 0.610588f,
	0.014338f, -0.955654f, 0.294143f, -0.139986f
	},
	{
	-0.631899f, -0.236644f, -0.738040f, 0.420164f,
	0.774918f, -0.175287f, -0.607270f, 0.610588f,
	0.014338f, -0.955654f, 0.294143f, -0.139986f
	},
	{
	0.145152f, 0.301229f, -0.942439f, -0.126387f,
	0.865464f, -0.500265f, -0.026602f, 0.550147f,
	-0.479483f, -0.811786f, -0.333317f, -0.024559f
	},
	{
	-0.248072f, 0.224205f, -0.942439f, -0.165246f,
	0.724018f, 0.689268f, -0.026602f, 0.318452f,
	0.643629f, -0.688942f, -0.333317f, 0.103804f
	},
	{
	0.082150f, 0.323309f, -0.942721f, -0.115251f,
	0.949086f, -0.314023f, -0.024990f, 0.172537f,
	-0.304115f, -0.892670f, -0.332646f, -0.025910f
	},
	{
	-0.049482f, -0.308388f, -0.949973f, 0.126285f,
	0.997958f, 0.023203f, -0.059514f, 0.550147f,
	0.040396f, -0.950978f, 0.306610f, -0.024583f
	},
	{
	0.095097f, -0.297503f, -0.949973f, 0.139532f,
	0.879955f, 0.471314f, -0.059514f, 0.282982f,
	0.465441f, -0.830274f, 0.306609f, -0.035398f
	},
	{
	-0.050276f, -0.284879f, -0.957244f, 0.120366f,
	0.998583f, -0.031062f, -0.043203f, 0.105639f,
	-0.017426f, -0.958060f, 0.286037f, -0.129201f
	},
	{
	-0.038976f, 0.000844f, -0.999240f, -0.004076f,
	-0.884449f, 0.465331f, 0.034891f, 0.976431f,
	0.465007f, 0.885137f, -0.017390f, -0.026852f
	},
	{
	0.000004f, 0.000096f, -1.000000f, -0.000049f,
	-0.999249f, 0.038748f, 0.000000f, 0.511360f,
	0.038748f, 0.999249f, 0.000096f, 0.000000f
	},
	{
	0.015655f, -0.004278f, -0.999868f, -0.000050f,
	-0.997583f, 0.067631f, -0.015909f, 0.715750f,
	0.067690f, 0.997701f, -0.003209f, -0.007925f
	},
	{
	0.407807f, 0.549183f, -0.729446f, -0.240677f,
	0.844745f, 0.076291f, 0.529704f, 0.910984f,
	0.346554f, -0.832212f, -0.432808f, -0.052341f
	},
	{
	0.669318f, 0.141147f, -0.729446f, -0.320411f,
	0.683269f, -0.502551f, 0.529704f, 0.745820f,
	-0.291817f, -0.852948f, -0.432808f, -0.120099f
	},
	{
	0.758584f, 0.043877f, -0.650096f, -0.441210f,
	0.516573f, -0.648589f, 0.559004f, 0.622503f,
	-0.397117f, -0.759873f, -0.514675f, -0.067432f
	},
	{
	0.758584f, 0.043878f, -0.650096f, -0.441210f,
	0.516574f, -0.648589f, 0.559003f, 0.622503f,
	-0.397117f, -0.759874f, -0.514675f, -0.067432f
	},
	{
	-0.457071f, -0.476181f, -0.751225f, 0.234478f,
	0.776013f, 0.199214f, -0.598429f, 0.921546f,
	0.434615f, -0.856484f, 0.278468f, -0.051019f
	},
	{
	-0.562812f, -0.344826f, -0.751225f, 0.323844f,
	0.801166f, -0.003918f, -0.598429f, 0.769820f,
	0.203410f, -0.938659f, 0.278468f, -0.135995f
	},
	{
	-0.673307f, -0.282717f, -0.683176f, 0.425420f,
	0.734933f, -0.154913f, -0.660209f, 0.625225f,
	0.080820f, -0.946611f, 0.312082f, -0.172707f
	},
	{
	-0.673307f, -0.282717f, -0.683175f, 0.425420f,
	0.734932f, -0.154913f, -0.660209f, 0.625225f,
	0.080820f, -0.946611f, 0.312082f, -0.172707f
	},
	{
	0.173688f, 0.310568f, -0.934548f, -0.126387f,
	0.808096f, -0.587330f, -0.044995f, 0.549502f,
	-0.562862f, -0.747389f, -0.352980f, -0.025549f
	},
	{
	-0.265835f, 0.236540f, -0.934548f, -0.172886f,
	0.747691f, 0.662521f, -0.044995f, 0.333165f,
	0.608515f, -0.710714f, -0.352980f, 0.125136f
	},
	{
	0.077912f, 0.345637f, -0.935128f, -0.119310f,
	0.944344f, -0.326278f, -0.041917f, 0.182479f,
	-0.319600f, -0.879817f, -0.351821f, 0.002499f
	},
	{
	-0.043027f, -0.322530f, -0.945581f, 0.126285f,
	0.997857f, 0.032830f, -0.056604f, 0.549502f,
	0.049300f, -0.945990f, 0.320426f, -0.025573f
	},
	{
	0.084825f, -0.314136f, -0.945581f, 0.137804f,
	0.907821f, 0.415519f, -0.056604f, 0.282364f,
	0.410688f, -0.853617f, 0.320426f, -0.038771f
	},
	{
	-0.053569f, -0.291044f, -0.955209f, 0.120708f,
	0.997710f, -0.055160f, -0.039146f, 0.099405f,
	-0.041297f, -0.955118f, 0.293332f, -0.121540f
	},
	{
	-0.038343f, -0.000264f, -0.999265f, -0.004147f,
	-0.918949f, 0.392806f, 0.035157f, 0.976814f,
	0.392507f, 0.919622f, -0.015303f, -0.025640f
	},
	{
	0.000006f, 0.000096f, -1.000000f, -0.000049f,
	-0.997803f, 0.066254f, 0.000000f, 0.511360f,
	0.066254f, 0.997803f, 0.000096f, 0.000000f
	},
	{
	0.015917f, -0.002588f, -0.999870f, -0.000050f,
	-0.999535f, 0.025990f, -0.015979f, 0.715454f,
	0.026028f, 0.999659f, -0.002173f, -0.013552f
	},
	{
	0.432780f, 0.713212f, -0.551388f, -0.240781f,
	0.783719f, 0.004611f, 0.621099f, 0.912318f,
	0.445518f, -0.700933f, -0.556962f, -0.049384f
	},
	{
	0.816206f, 0.172567f, -0.551388f, -0.325398f,
	0.539730f, -0.568267f, 0.621099f, 0.759085f,
	-0.206155f, -0.804545f, -0.556962f, -0.136491f
	},
	{
	0.879581f, -0.074441f, -0.469890f, -0.472707f,
	0.275279f, -0.725915f, 0.630292f, 0.661674f,
	-0.388020f, -0.683744f, -0.618009f, -0.099284f
	},
	{
	0.879580f, -0.074441f, -0.469891f, -0.472708f,
	0.275280f, -0.725915f, 0.630292f, 0.661674f,
	-0.388020f, -0.683744f, -0.618009f, -0.099284f
	},
	{
	-0.478415f, -0.563910f, -0.673146f, 0.234373f,
	0.704403f, 0.211282f, -0.677626f, 0.922918f,
	0.524343f, -0.798352f, 0.296139f, -0.048429f
	},
	{
	-0.596265f, -0.437428f, -0.673146f, 0.327913f,
	0.734208f, 0.041969f, -0.677626f, 0.785194f,
	0.324664f, -0.898273f, 0.296139f, -0.150949f
	},
	{
	-0.733118f, -0.324202f, -0.597855f, 0.435527f,
	0.660734f, -0.131231f, -0.739060f, 0.652683f,
	0.161148f, -0.936841f, 0.310419f, -0.209544f
	},
	{
	-0.733118f, -0.324202f, -0.597855f, 0.435527f,
	0.660734f, -0.131231f, -0.739060f, 0.652683f,
	0.161148f, -0.936841f, 0.310419f, -0.209544f
	},
	{
	0.205696f, 0.317999f, -0.925508f, -0.126387f,
	0.732739f, -0.676928f, -0.069735f, 0.548783f,
	-0.648678f, -0.663811f, -0.372251f, -0.026590f
	},
	{
	-0.287919f, 0.246042f, -0.925508f, -0.181455f,
	0.768102f, 0.636519f, -0.069735f, 0.352621f,
	0.571946f, -0.730963f, -0.372251f, 0.147069f
	},
	{
	0.069211f, 0.370021f, -0.926441f, -0.123429f,
	0.938538f, -0.338950f, -0.065262f, 0.197821f,
	-0.338165f, -0.864984f, -0.370738f, 0.031802f
	},
	{
	-0.039279f, -0.335630f, -0.941175f, 0.126285f,
	0.998113f, 0.031311f, -0.052821f, 0.548783f,
	0.047198f, -0.941473f, 0.333767f, -0.026614f
	},
	{
	0.073891f, -0.329743f, -0.941175f, 0.136800f,
	0.931635f, 0.359534f, -0.052821f, 0.281577f,
	0.355802f, -0.872929f, 0.333767f, -0.039249f
	},
	{
	-0.058764f, -0.296698f, -0.953161f, 0.121908f,
	0.995761f, -0.085093f, -0.034902f, 0.093819f,
	-0.070752f, -0.951173f, 0.300441f, -0.110956f
	},
	{
	-0.037696f, -0.001342f, -0.999288f, -0.004216f,
	-0.955469f, 0.292930f, 0.035649f, 0.977029f,
	0.292673f, 0.956134f, -0.012325f, -0.020363f
	},
	{
	0.000009f, 0.000095f, -1.000000f, -0.000049f,
	-0.995661f, 0.093051f, 0.000000f, 0.511360f,
	0.093051f, 0.995661f, 0.000096f, 0.000000f
	},
	{
	0.016177f, -0.000777f, -0.999869f, -0.000051f,
	-0.999345f, -0.032391f, -0.016143f, 0.715016f,
	-0.032375f, 0.999475f, -0.001300f, -0.019033f
	},
	{
	0.455166f, 0.813517f, -0.361960f, -0.240888f,
	0.705376f, -0.081362f, 0.704148f, 0.913558f,
	0.543386f, -0.575822f, -0.610869f, -0.042881f
	},
	{
	0.911472f, 0.195459f, -0.361960f, -0.329882f,
	0.404736f, -0.583408f, 0.704148f, 0.775643f,
	-0.073538f, -0.788309f, -0.610869f, -0.149124f
	},
	{
	0.945386f, -0.160914f, -0.283465f, -0.494385f,
	0.091129f, -0.704488f, 0.703841f, 0.702597f,
	-0.312955f, -0.691233f, -0.651349f, -0.135852f
	},
	{
	0.945386f, -0.160913f, -0.283465f, -0.494385f,
	0.091130f, -0.704489f, 0.703841f, 0.702596f,
	-0.312955f, -0.691233f, -0.651349f, -0.135852f
	},
	{
	-0.512163f, -0.657359f, -0.552782f, 0.234265f,
	0.583184f, 0.206333f, -0.785699f, 0.924237f,
	0.630544f, -0.724780f, 0.277685f, -0.042166f
	},
	{
	-0.645285f, -0.527295f, -0.552782f, 0.334403f,
	0.614433f, 0.071755f, -0.785699f, 0.810212f,
	0.453960f, -0.846647f, 0.277685f, -0.165450f
	},
	{
	-0.809055f, -0.353980f, -0.469178f, 0.450864f,
	0.532737f, -0.104515f, -0.839802f, 0.699319f,
	0.248237f, -0.929395f, 0.273136f, -0.247381f
	},
	{
	-0.809055f, -0.353980f, -0.469178f, 0.450864f,
	0.532736f, -0.104515f, -0.839802f, 0.699319f,
	0.248237f, -0.929395f, 0.273136f, -0.247381f
	},
	{
	0.240491f, 0.323085f, -0.915303f, -0.126388f,
	0.640172f, -0.761612f, -0.100633f, 0.548055f,
	-0.729619f, -0.561750f, -0.389991f, -0.027586f
	},
	{
	-0.314159f, 0.252040f, -0.915303f, -0.190770f,
	0.784308f, 0.612155f, -0.100633f, 0.376673f,
	0.534944f, -0.749494f, -0.389991f, 0.167742f
	},
	{
	0.056903f, 0.395762f, -0.916588f, -0.127456f,
	0.930359f, -0.354094f, -0.095132f, 0.218607f,
	-0.362208f, -0.847343f, -0.388350f, 0.059931f
	},
	{
	-0.039753f, -0.347282f, -0.936918f, 0.126285f,
	0.998635f, 0.017968f, -0.049032f, 0.548055f,
	0.033863f, -0.937588f, 0.346094f, -0.027610f
	},
	{
	0.063110f, -0.343805f, -0.936918f, 0.136927f,
	0.950114f, 0.308024f, -0.049032f, 0.280708f,
	0.305451f, -0.887084f, 0.346094f, -0.036676f
	},
	{
	-0.067368f, -0.302265f, -0.950840f, 0.124208f,
	0.992071f, -0.121631f, -0.031623f, 0.089226f,
	-0.106093f, -0.945432f, 0.308062f, -0.098235f
	},
	{
	-0.037094f, -0.002376f, -0.999309f, -0.004284f,
	-0.985256f, 0.167217f, 0.036175f, 0.976541f,
	0.167015f, 0.985918f, -0.008544f, -0.010561f
	},
	{
	0.000011f, 0.000095f, -1.000000f, -0.000049f,
	-0.993172f, 0.116662f, 0.000000f, 0.511360f,
	0.116662f, 0.993172f, 0.000096f, 0.000000f
	},
	{
	0.016391f, 0.000852f, -0.999865f, -0.000051f,
	-0.994842f, -0.100103f, -0.016394f, 0.714507f,
	-0.100104f, 0.994977f, -0.000793f, -0.023862f
	},
	{
	0.483265f, 0.862607f, -0.149551f, -0.240980f,
	0.602322f, -0.203628f, 0.771845f, 0.914119f,
	0.635345f, -0.463083f, -0.617973f, -0.033805f
	},
	{
	0.946379f, 0.286359f, -0.149551f, -0.335468f,
	0.292750f, -0.564406f, 0.771845f, 0.796353f,
	0.136617f, -0.774239f, -0.617973f, -0.158028f
	},
	{
	0.993602f, -0.080473f, -0.079247f, -0.506271f,
	0.009523f, -0.639467f, 0.768760f, 0.743518f,
	-0.112541f, -0.764596f, -0.634609f, -0.182685f
	},
	{
	0.993602f, -0.080473f, -0.079247f, -0.506271f,
	0.009523f, -0.639467f, 0.768760f, 0.743518f,
	-0.112541f, -0.764596f, -0.634609f, -0.182685f
	},
	{
	-0.556265f, -0.733121f, -0.391284f, 0.234171f,
	0.409332f, 0.168046f, -0.896777f, 0.924903f,
	0.723199f, -0.659011f, 0.206612f, -0.033127f
	},
	{
	-0.707534f, -0.588466f, -0.391284f, 0.342932f,
	0.436717f, 0.071207f, -0.896777f, 0.844870f,
	0.555585f, -0.805380f, 0.206612f, -0.174527f
	},
	{
	-0.888232f, -0.348741f, -0.299040f, 0.470628f,
	0.345423f, -0.077850f, -0.935213f, 0.766051f,
	0.302866f, -0.933981f, 0.189612f, -0.274799f
	},
	{
	-0.888232f, -0.348741f, -0.299040f, 0.470628f,
	0.345423f, -0.077850f, -0.935213f, 0.766051f,
	0.302866f, -0.933980f, 0.189612f, -0.274799f
	},
	{
	0.276121f, 0.325389f, -0.904367f, -0.126388f,
	0.537376f, -0.832398f, -0.135424f, 0.547389f,
	-0.796859f, -0.448592f, -0.404699f, -0.028449f
	},
	{
	-0.342265f, 0.254903f, -0.904367f, -0.200308f,
	0.796599f, 0.589144f, -0.135424f, 0.403527f,
	0.498282f, -0.766768f, -0.404699f, 0.184879f
	},
	{
	0.044310f, 0.421184f, -0.905892f, -0.131330f,
	0.917837f, -0.375218f, -0.129559f, 0.242984f,
	-0.394475f, -0.825721f, -0.403205f, 0.084458f
	},
	{
	-0.046005f, -0.356991f, -0.932975f, 0.126284f,
	0.998900f, -0.007938f, -0.046218f, 0.547389f,
	0.009093f, -0.934074f, 0.356963f, -0.028474f
	},
	{
	0.053480f, -0.355947f, -0.932975f, 0.138600f,
	0.962915f, 0.265816f, -0.046218f, 0.279972f,
	0.264451f, -0.895904f, 0.356963f, -0.030908f
	},
	{
	-0.080868f, -0.308031f, -0.947933f, 0.127822f,
	0.985740f, -0.165525f, -0.030306f, 0.085910f,
	-0.147571f, -0.936866f, 0.317024f, -0.084204f
	},
	{
	-0.036642f, -0.003517f, -0.999322f, -0.004340f,
	-0.998995f, 0.025963f, 0.036538f, 0.974853f,
	0.025817f, 0.999657f, -0.004464f, 0.002334f
	},
	{
	0.000013f, 0.000095f, -1.000000f, -0.000049f,
	-0.990894f, 0.134643f, 0.000000f, 0.511360f,
	0.134643f, 0.990894f, 0.000096f, 0.000000f
	},
	{
	0.016488f, 0.002034f, -0.999862f, -0.000051f,
	-0.985085f, -0.171265f, -0.016593f, 0.714041f,
	-0.171275f, 0.985223f, -0.000821f, -0.027540f
	},
	{
	0.519060f, 0.849096f, 0.098045f, -0.241035f,
	0.464141f, -0.376322f, 0.801844f, 0.913780f,
	0.717739f, -0.370699f, -0.589434f, -0.022853f
	},
	{
	0.914764f, 0.391911f, 0.098045f, -0.342522f,
	0.160634f, -0.575536f, 0.801844f, 0.823031f,
	0.370680f, -0.717749f, -0.589434f, -0.163185f
	},
	{
	0.983510f, 0.095573f, 0.153542f, -0.507618f,
	-0.065744f, -0.601960f, 0.795815f, 0.794040f,
	0.168484f, -0.792786f, -0.585750f, -0.230086f
	},
	{
	0.983510f, 0.095574f, 0.153541f, -0.507618f,
	-0.065743f, -0.601960f, 0.795815f, 0.794040f,
	0.168485f, -0.792786f, -0.585750f, -0.230086f
	},
	{
	-0.613659f, -0.764695f, -0.196636f, 0.234114f,
	0.188949f, 0.099581f, -0.976925f, 0.924629f,
	0.766630f, -0.636652f, 0.083379f, -0.021947f
	},
	{
	-0.783742f, -0.589137f, -0.196636f, 0.354097f,
	0.207709f, 0.049748f, -0.976925f, 0.887686f,
	0.585325f, -0.806500f, 0.083379f, -0.171839f
	},
	{
	-0.955088f, -0.280107f, -0.096684f, 0.495547f,
	0.111720f, -0.038179f, -0.993006f, 0.850199f,
	0.274456f, -0.959210f, 0.067757f, -0.277479f
	},
	{
	-0.955088f, -0.280107f, -0.096684f, 0.495547f,
	0.111720f, -0.038179f, -0.993006f, 0.850198f,
	0.274456f, -0.959209f, 0.067757f, -0.277479f
	},
	{
	0.310600f, 0.324402f, -0.893471f, -0.126388f,
	0.434808f, -0.884344f, -0.169935f, 0.546868f,
	-0.845263f, -0.335707f, -0.415730f, -0.029098f
	},
	{
	-0.369306f, 0.255583f, -0.893471f, -0.209539f,
	0.804752f, 0.568768f, -0.169935f, 0.430464f,
	0.464746f, -0.781780f, -0.415730f, 0.197189f
	},
	{
	0.035992f, 0.444681f, -0.894965f, -0.135111f,
	0.899712f, -0.404232f, -0.164668f, 0.268278f,
	-0.434999f, -0.799284f, -0.414634f, 0.103526f
	},
	{
	-0.059575f, -0.363981f, -0.929499f, 0.126284f,
	0.997850f, -0.047193f, -0.045476f, 0.546868f,
	-0.027313f, -0.930210f, 0.366010f, -0.029122f
	},
	{
	0.046095f, -0.365932f, -0.929499f, 0.142233f,
	0.970265f, 0.237735f, -0.045476f, 0.279731f,
	0.237615f, -0.899764f, 0.366010f, -0.021810f
	},
	{
	-0.100805f, -0.313998f, -0.944057f, 0.132944f,
	0.975550f, -0.217457f, -0.031841f, 0.084188f,
	-0.195294f, -0.924185f, 0.328242f, -0.069698f
	},
	{
	-0.036265f, -0.004759f, -0.999331f, -0.004366f,
	-0.992528f, -0.116407f, 0.036573f, 0.971834f,
	-0.116503f, 0.993191f, -0.000502f, 0.017282f
	},
	{
	0.000014f, 0.000095f, -1.000000f, -0.000049f,
	-0.989493f, 0.144584f, 0.000000f, 0.511360f,
	0.144584f, 0.989493f, 0.000096f, 0.000000f
	},
	{
	0.016467f, 0.002490f, -0.999861f, -0.000052f,
	-0.970626f, -0.240023f, -0.016583f, 0.713755f,
	-0.240031f, 0.970764f, -0.001536f, -0.029574f
	},
	{
	0.558570f, 0.781910f, 0.276797f, -0.241044f,
	0.312019f, -0.507272f, 0.803318f, 0.912650f,
	0.768533f, -0.362343f, -0.527317f, -0.010764f
	},
	{
	0.852363f, 0.443690f, 0.276797f, -0.350256f,
	0.048124f, -0.593603f, 0.803318f, 0.851644f,
	0.520731f, -0.671398f, -0.527317f, -0.161028f
	},
	{
	0.919551f, 0.228715f, 0.319556f, -0.504090f,
	-0.129493f, -0.591403f, 0.795911f, 0.842958f,
	0.371023f, -0.773261f, -0.514208f, -0.255010f
	},
	{
	0.919551f, 0.228716f, 0.319556f, -0.504090f,
	-0.129493f, -0.591403f, 0.795911f, 0.842959f,
	0.371023f, -0.773261f, -0.514208f, -0.255010f
	},
	{
	-0.682511f, -0.730532f, 0.022420f, 0.234104f,
	-0.062812f, 0.028065f, -0.997631f, 0.923451f,
	0.728172f, -0.682302f, -0.065041f, -0.009312f
	},
	{
	-0.864511f, -0.502114f, 0.022420f, 0.367549f,
	-0.052021f, 0.045020f, -0.997631f, 0.935732f,
	0.499915f, -0.863629f, -0.065041f, -0.151685f
	},
	{
	-0.983558f, -0.131119f, 0.124189f, 0.523576f,
	-0.130590f, 0.041373f, -0.990573f, 0.945120f,
	0.124745f, -0.990503f, -0.057816f, -0.241909f
	},
	{
	-0.983557f, -0.131119f, 0.124189f, 0.523576f,
	-0.130590f, 0.041373f, -0.990573f, 0.945120f,
	0.124745f, -0.990503f, -0.057816f, -0.241909f
	},
	{
	0.343081f, 0.319962f, -0.883131f, -0.126388f,
	0.340246f, -0.918677f, -0.200661f, 0.546574f,
	-0.875516f, -0.231639f, -0.424047f, -0.029453f
	},
	{
	-0.392311f, 0.257240f, -0.883131f, -0.218235f,
	0.811537f, 0.548765f, -0.200661f, 0.455486f,
	0.433014f, -0.795414f, -0.424047f, 0.204933f
	},
	{
	0.038610f, 0.465608f, -0.884149f, -0.139170f,
	0.872560f, -0.446915f, -0.197249f, 0.291932f,
	-0.486980f, -0.763857f, -0.423526f, 0.117666f
	},
	{
	-0.081888f, -0.366963f, -0.926624f, 0.126284f,
	0.993775f, -0.100531f, -0.048010f, 0.546574f,
	-0.075536f, -0.924787f, 0.372911f, -0.029477f
	},
	{
	0.042051f, -0.373630f, -0.926624f, 0.148207f,
	0.972359f, 0.228502f, -0.048010f, 0.280528f,
	0.229674f, -0.898993f, 0.372911f, -0.009255f
	},
	{
	-0.130247f, -0.320017f, -0.938416f, 0.139732f,
	0.958767f, -0.281779f, -0.036979f, 0.084563f,
	-0.252592f, -0.904539f, 0.343522f, -0.055542f
	},
	{
	-0.035765f, -0.006255f, -0.999341f, -0.004361f,
	-0.968324f, -0.247061f, 0.036202f, 0.967764f,
	-0.247124f, 0.968980f, 0.002779f, 0.033242f
	},
};

