#include "game/component/Animator.h"
#include "game/resource/animation.h"

// 17 bones
AnimationMatrix const mario_animation_single_jump[] = { // 37 frames
	{
	-0.000001f, 0.000096f, -1.000000f, -0.000049f,
	-0.999881f, -0.015435f, 0.000000f, 0.511360f,
	-0.015435f, 0.999881f, 0.000096f, 0.000000f
	},
	{
	0.100647f, 0.463856f, -0.880175f, -0.000049f,
	-0.896354f, -0.341640f, -0.282543f, 0.715879f,
	-0.431762f, 0.817386f, 0.381394f, 0.003157f
	},
	{
	0.877753f, -0.356395f, -0.320206f, -0.243443f,
	0.474721f, 0.737228f, 0.480764f, 0.839662f,
	0.064723f, -0.574001f, 0.816293f, 0.156218f
	},
	{
	0.140447f, -0.936879f, -0.320206f, -0.415061f,
	0.876230f, -0.032960f, 0.480764f, 0.746845f,
	-0.460972f, -0.348096f, 0.816293f, 0.143563f
	},
	{
	-0.229067f, -0.903879f, -0.361292f, -0.440409f,
	0.687040f, -0.413060f, 0.597794f, 0.588703f,
	-0.689569f, -0.111287f, 0.715619f, 0.226759f
	},
	{
	-0.229067f, -0.903879f, -0.361292f, -0.440409f,
	0.687040f, -0.413060f, 0.597793f, 0.588703f,
	-0.689568f, -0.111288f, 0.715619f, 0.226759f
	},
	{
	-0.868957f, -0.247613f, 0.428488f, 0.174570f,
	-0.257063f, -0.514020f, -0.818353f, 0.976641f,
	0.422887f, -0.821262f, 0.383009f, -0.023747f
	},
	{
	-0.374645f, 0.822216f, 0.428488f, 0.344468f,
	-0.546654f, 0.177391f, -0.818353f, 1.026902f,
	-0.748873f, -0.540826f, 0.383009f, -0.106430f
	},
	{
	-0.148020f, 0.891341f, 0.428488f, 0.412084f,
	-0.481744f, 0.313401f, -0.818353f, 1.125562f,
	-0.863720f, -0.327554f, 0.383009f, 0.028727f
	},
	{
	-0.148020f, 0.891341f, 0.428488f, 0.412084f,
	-0.481744f, 0.313401f, -0.818353f, 1.125562f,
	-0.863720f, -0.327554f, 0.383009f, 0.028727f
	},
	{
	0.449269f, 0.158214f, -0.879276f, -0.126387f,
	0.053841f, -0.987200f, -0.150123f, 0.550831f,
	-0.891773f, 0.020104f, -0.452036f, -0.023445f
	},
	{
	-0.284900f, 0.381714f, -0.879276f, -0.246662f,
	0.926310f, 0.345563f, -0.150123f, 0.536417f,
	0.246541f, -0.857252f, -0.452036f, 0.215293f
	},
	{
	0.219130f, 0.422914f, -0.879276f, -0.189244f,
	0.715143f, -0.682666f, -0.150123f, 0.349732f,
	-0.663741f, -0.595912f, -0.452036f, 0.165606f
	},
	{
	-0.113840f, -0.364566f, -0.924193f, 0.126285f,
	0.993206f, -0.019189f, -0.114772f, 0.550831f,
	0.024107f, -0.930980f, 0.364274f, -0.023469f
	},
	{
	0.042208f, -0.379587f, -0.924193f, 0.156761f,
	0.917245f, 0.381430f, -0.114772f, 0.284937f,
	0.396081f, -0.842866f, 0.364274f, -0.029923f
	},
	{
	-0.165444f, -0.324987f, -0.931135f, 0.148255f,
	0.974184f, -0.200902f, -0.102973f, 0.100079f,
	-0.153602f, -0.924133f, 0.349836f, -0.109748f
	},
	{
	-0.143496f, 0.425923f, -0.893308f, -0.026388f,
	-0.884612f, -0.459896f, -0.077176f, 0.950452f,
	-0.443700f, 0.779157f, 0.442770f, 0.116148f
	},
	{
	-0.000001f, 0.000096f, -1.000000f, -0.000049f,
	-0.999893f, -0.014602f, 0.000000f, 0.511360f,
	-0.014602f, 0.999893f, 0.000096f, 0.000000f
	},
	{
	0.125421f, 0.354206f, -0.926719f, -0.000049f,
	-0.925508f, -0.294690f, -0.237892f, 0.715882f,
	-0.357357f, 0.887522f, 0.290861f, 0.002987f
	},
	{
	0.882477f, -0.241344f, -0.403719f, -0.256198f,
	0.442743f, 0.715987f, 0.539760f, 0.854739f,
	0.158790f, -0.655069f, 0.738695f, 0.117429f
	},
	{
	0.313704f, -0.859419f, -0.403719f, -0.428740f,
	0.840142f, 0.053111f, 0.539760f, 0.768174f,
	-0.442439f, -0.508506f, 0.738695f, 0.086382f
	},
	{
	-0.028505f, -0.910043f, -0.413534f, -0.485357f,
	0.682792f, -0.319876f, 0.656868f, 0.616545f,
	-0.730057f, -0.263634f, 0.630488f, 0.166233f
	},
	{
	-0.028505f, -0.910043f, -0.413534f, -0.485357f,
	0.682792f, -0.319875f, 0.656867f, 0.616545f,
	-0.730056f, -0.263634f, 0.630488f, 0.166233f
	},
	{
	-0.924015f, -0.131649f, 0.358979f, 0.183861f,
	-0.221048f, -0.582136f, -0.782468f, 0.970584f,
	0.311985f, -0.802363f, 0.508801f, -0.019732f
	},
	{
	-0.332074f, 0.872274f, 0.358979f, 0.364524f,
	-0.616541f, 0.087303f, -0.782468f, 1.013803f,
	-0.713866f, -0.481162f, 0.508801f, -0.080732f
	},
	{
	-0.093900f, 0.928611f, 0.358979f, 0.424457f,
	-0.572648f, 0.244578f, -0.782468f, 1.125076f,
	-0.814406f, -0.279042f, 0.508801f, 0.048107f
	},
	{
	-0.093900f, 0.928611f, 0.358979f, 0.424457f,
	-0.572648f, 0.244578f, -0.782468f, 1.125076f,
	-0.814406f, -0.279042f, 0.508801f, 0.048107f
	},
	{
	0.453119f, 0.141528f, -0.880144f, -0.126387f,
	0.017466f, -0.988537f, -0.149966f, 0.550811f,
	-0.891279f, 0.052580f, -0.450397f, -0.023478f
	},
	{
	-0.270120f, 0.390362f, -0.880144f, -0.247692f,
	0.938425f, 0.311239f, -0.149966f, 0.546135f,
	0.215394f, -0.866458f, -0.450397f, 0.215128f
	},
	{
	0.233337f, 0.413402f, -0.880144f, -0.193254f,
	0.689595f, -0.708499f, -0.149961f, 0.357009f,
	-0.685575f, -0.571952f, -0.450399f, 0.171718f
	},
	{
	-0.113932f, -0.364560f, -0.924184f, 0.126285f,
	0.993221f, -0.020209f, -0.114471f, 0.550811f,
	0.023054f, -0.930961f, 0.364391f, -0.023502f
	},
	{
	0.042253f, -0.379604f, -0.924184f, 0.156786f,
	0.917536f, 0.380821f, -0.114471f, 0.284914f,
	0.395402f, -0.843135f, 0.364391f, -0.029674f
	},
	{
	-0.165570f, -0.325009f, -0.931104f, 0.148270f,
	0.973997f, -0.201946f, -0.102707f, 0.099997f,
	-0.154652f, -0.923898f, 0.349994f, -0.109362f
	},
	{
	-0.129444f, 0.370321f, -0.919841f, -0.032871f,
	-0.915201f, -0.401653f, -0.032912f, 0.958084f,
	-0.381644f, 0.837578f, 0.390910f, 0.096506f
	},
	{
	-0.000001f, 0.000096f, -1.000000f, -0.000049f,
	-0.999910f, -0.013412f, 0.000000f, 0.511360f,
	-0.013412f, 0.999910f, 0.000096f, 0.000000f
	},
	{
	0.184909f, 0.073800f, -0.979981f, -0.000049f,
	-0.967766f, -0.159826f, -0.194640f, 0.715885f,
	-0.170991f, 0.984383f, 0.041867f, 0.002743f
	},
	{
	0.815924f, 0.022630f, -0.577717f, -0.272409f,
	0.436258f, 0.631628f, 0.640879f, 0.869480f,
	0.379405f, -0.774942f, 0.505488f, 0.017543f
	},
	{
	0.609875f, -0.542491f, -0.577717f, -0.431938f,
	0.750516f, 0.161246f, 0.640879f, 0.784183f,
	-0.254517f, -0.824441f, 0.505488f, -0.056638f
	},
	{
	0.399027f, -0.754667f, -0.520822f, -0.542008f,
	0.633843f, -0.183424f, 0.751398f, 0.648730f,
	-0.662587f, -0.629947f, 0.405149f, -0.010703f
	},
	{
	0.399027f, -0.754667f, -0.520822f, -0.542008f,
	0.633843f, -0.183424f, 0.751397f, 0.648730f,
	-0.662586f, -0.629948f, 0.405149f, -0.010703f
	},
	{
	-0.978627f, 0.124450f, 0.163709f, 0.192785f,
	-0.202546f, -0.720932f, -0.662746f, 0.964896f,
	0.035544f, -0.681740f, 0.730731f, -0.001841f
	},
	{
	-0.263540f, 0.950656f, 0.163709f, 0.384126f,
	-0.743185f, -0.091896f, -0.662746f, 1.004498f,
	-0.614999f, -0.296326f, 0.730731f, -0.008790f
	},
	{
	-0.007346f, 0.986482f, 0.163709f, 0.431689f,
	-0.741523f, 0.104463f, -0.662746f, 1.138628f,
	-0.670888f, -0.126262f, 0.730731f, 0.102205f
	},
	{
	-0.007346f, 0.986482f, 0.163709f, 0.431690f,
	-0.741523f, 0.104463f, -0.662746f, 1.138628f,
	-0.670888f, -0.126262f, 0.730731f, 0.102205f
	},
	{
	0.462933f, 0.101819f, -0.880526f, -0.126387f,
	-0.067751f, -0.986410f, -0.149683f, 0.550783f,
	-0.883800f, 0.128950f, -0.449744f, -0.023525f
	},
	{
	-0.235140f, 0.411563f, -0.880526f, -0.250320f,
	0.961788f, 0.229259f, -0.149683f, 0.568921f,
	0.140265f, -0.882075f, -0.449744f, 0.213079f
	},
	{
	0.267548f, 0.391271f, -0.880526f, -0.202931f,
	0.626332f, -0.765058f, -0.149650f, 0.375086f,
	-0.732207f, -0.511462f, -0.449755f, 0.184810f
	},
	{
	-0.114051f, -0.364491f, -0.924196f, 0.126285f,
	0.993241f, -0.021647f, -0.114034f, 0.550783f,
	0.021559f, -0.930955f, 0.364496f, -0.023549f
	},
	{
	0.042296f, -0.379569f, -0.924196f, 0.156818f,
	0.917952f, 0.379947f, -0.114034f, 0.284881f,
	0.394429f, -0.843545f, 0.364496f, -0.029321f
	},
	{
	-0.165746f, -0.324978f, -0.931084f, 0.148294f,
	0.973728f, -0.203424f, -0.102336f, 0.099880f,
	-0.156148f, -0.923585f, 0.350156f, -0.108812f
	},
	{
	-0.098218f, 0.230306f, -0.968150f, -0.048438f,
	-0.966347f, -0.254493f, 0.037496f, 0.969146f,
	-0.237751f, 0.939251f, 0.247551f, 0.047491f
	},
	{
	-0.000001f, 0.000096f, -1.000000f, -0.000049f,
	-0.999929f, -0.011923f, 0.000000f, 0.511360f,
	-0.011923f, 0.999929f, 0.000096f, 0.000000f
	},
	{
	0.256818f, -0.266683f, -0.928938f, -0.000049f,
	-0.964599f, -0.011111f, -0.263487f, 0.715889f,
	0.059946f, 0.963720f, -0.260095f, 0.002439f
	},
	{
	0.608178f, 0.312700f, -0.729615f, -0.264530f,
	0.513160f, 0.546379f, 0.661919f, 0.848012f,
	0.605628f, -0.776974f, 0.171831f, -0.100438f
	},
	{
	0.683415f, -0.024615f, -0.729615f, -0.383441f,
	0.714794f, 0.225685f, 0.661918f, 0.747679f,
	0.148370f, -0.973889f, 0.171831f, -0.218850f
	},
	{
	0.712219f, -0.321184f, -0.624167f, -0.506784f,
	0.626620f, -0.109850f, 0.771544f, 0.618673f,
	-0.316373f, -0.940624f, 0.123023f, -0.245628f
	},
	{
	0.712219f, -0.321183f, -0.624167f, -0.506784f,
	0.626620f, -0.109850f, 0.771544f, 0.618673f,
	-0.316372f, -0.940624f, 0.123023f, -0.245628f
	},
	{
	-0.908181f, 0.407611f, -0.095187f, 0.176188f,
	-0.316833f, -0.818026f, -0.480053f, 0.976139f,
	-0.273541f, -0.405817f, 0.872060f, 0.022996f
	},
	{
	-0.186964f, 0.977745f, -0.095187f, 0.353756f,
	-0.851827f, -0.209621f, -0.480053f, 1.038086f,
	-0.489323f, -0.008669f, 0.872060f, 0.076479f
	},
	{
	0.073639f, 0.992732f, -0.095187f, 0.387499f,
	-0.877033f, 0.019027f, -0.480053f, 1.191824f,
	-0.474753f, 0.118834f, 0.872060f, 0.164792f
	},
	{
	0.073639f, 0.992732f, -0.095187f, 0.387499f,
	-0.877033f, 0.019027f, -0.480053f, 1.191824f,
	-0.474753f, 0.118834f, 0.872060f, 0.164792f
	},
	{
	0.473258f, 0.054374f, -0.879244f, -0.126387f,
	-0.167799f, -0.974255f, -0.150568f, 0.550748f,
	-0.864795f, 0.218794f, -0.451949f, -0.023584f
	},
	{
	-0.192926f, 0.435556f, -0.879244f, -0.253084f,
	0.979997f, 0.130135f, -0.150568f, 0.595670f,
	0.048839f, -0.890705f, -0.451949f, 0.207932f
	},
	{
	0.307261f, 0.364040f, -0.879242f, -0.214202f,
	0.545936f, -0.824205f, -0.150469f, 0.398165f,
	-0.779452f, -0.433776f, -0.451988f, 0.198089f
	},
	{
	-0.113963f, -0.364466f, -0.924217f, 0.126285f,
	0.993279f, -0.022866f, -0.113462f, 0.550748f,
	0.020220f, -0.930936f, 0.364622f, -0.023608f
	},
	{
	0.042271f, -0.379521f, -0.924217f, 0.156794f,
	0.918573f, 0.378615f, -0.113462f, 0.284835f,
	0.392983f, -0.844165f, 0.364622f, -0.029021f
	},
	{
	-0.165697f, -0.324922f, -0.931112f, 0.148275f,
	0.973525f, -0.204643f, -0.101833f, 0.099709f,
	-0.157458f, -0.923335f, 0.350228f, -0.108221f
	},
	{
	-0.051234f, 0.057802f, -0.997013f, -0.067257f,
	-0.995612f, -0.081237f, 0.046453f, 0.968321f,
	-0.078309f, 0.995017f, 0.061711f, -0.013249f
	},
	{
	-0.000001f, 0.000096f, -1.000000f, -0.000049f,
	-0.999948f, -0.010195f, 0.000000f, 0.511360f,
	-0.010195f, 0.999948f, 0.000096f, 0.000000f
	},
	{
	0.319435f, -0.530760f, -0.785019f, -0.000049f,
	-0.912568f, 0.050894f, -0.405746f, 0.715893f,
	0.255306f, 0.845993f, -0.468097f, 0.002086f
	},
	{
	0.335008f, 0.491836f, -0.803659f, -0.235007f,
	0.609729f, 0.537108f, 0.582876f, 0.801859f,
	0.718331f, -0.685282f, -0.119952f, -0.186050f
	},
	{
	0.463355f, 0.373410f, -0.803659f, -0.300508f,
	0.739389f, 0.336985f, 0.582876f, 0.682645f,
	0.488473f, -0.864295f, -0.119952f, -0.326498f
	},
	{
	0.700608f, 0.133006f, -0.701040f, -0.384134f,
	0.709121f, -0.020534f, 0.704788f, 0.549200f,
	0.079346f, -0.990903f, -0.108703f, -0.414658f
	},
	{
	0.700607f, 0.133007f, -0.701041f, -0.384134f,
	0.709121f, -0.020533f, 0.704787f, 0.549200f,
	0.079347f, -0.990903f, -0.108703f, -0.414658f
	},
	{
	-0.737707f, 0.596288f, -0.316588f, 0.137124f,
	-0.497376f, -0.797116f, -0.342378f, 0.997441f,
	-0.456514f, -0.095112f, 0.884618f, 0.035652f
	},
	{
	-0.114365f, 0.941644f, -0.316588f, 0.281360f,
	-0.912007f, -0.225876f, -0.342378f, 1.094688f,
	-0.393908f, 0.249574f, 0.884618f, 0.124909f
	},
	{
	0.134358f, 0.939000f, -0.316588f, 0.302001f,
	-0.939371f, 0.018976f, -0.342378f, 1.259287f,
	-0.315486f, 0.343394f, 0.884618f, 0.196002f
	},
	{
	0.134358f, 0.939000f, -0.316588f, 0.302001f,
	-0.939371f, 0.018976f, -0.342378f, 1.259287f,
	-0.315486f, 0.343394f, 0.884618f, 0.196002f
	},
	{
	0.481600f, 0.017862f, -0.876209f, -0.126387f,
	-0.243579f, -0.957673f, -0.153404f, 0.550707f,
	-0.841862f, 0.287305f, -0.456865f, -0.023652f
	},
	{
	-0.160559f, 0.454400f, -0.876209f, -0.255317f,
	0.986749f, 0.052856f, -0.153404f, 0.615916f,
	-0.023394f, -0.889229f, -0.456865f, 0.201725f
	},
	{
	0.337821f, 0.343735f, -0.876198f, -0.222959f,
	0.481027f, -0.863220f, -0.153182f, 0.417051f,
	-0.809005f, -0.369727f, -0.456960f, 0.206439f
	},
	{
	-0.113433f, -0.364588f, -0.924234f, 0.126285f,
	0.993352f, -0.023230f, -0.112753f, 0.550707f,
	0.019639f, -0.930879f, 0.364799f, -0.023676f
	},
	{
	0.042112f, -0.379497f, -0.924234f, 0.156652f,
	0.919476f, 0.376631f, -0.112753f, 0.284775f,
	0.390885f, -0.845063f, 0.364799f, -0.028934f
	},
	{
	-0.165154f, -0.324871f, -0.931227f, 0.148165f,
	0.973538f, -0.204911f, -0.101172f, 0.099467f,
	-0.157951f, -0.923293f, 0.350116f, -0.107711f
	},
	{
	0.011879f, -0.094050f, -0.995497f, -0.083644f,
	-0.999082f, 0.039868f, -0.015688f, 0.954708f,
	0.041164f, 0.994769f, -0.093490f, -0.064727f
	},
	{
	-0.000001f, 0.000096f, -1.000000f, -0.000049f,
	-0.999966f, -0.008287f, 0.000000f, 0.511360f,
	-0.008287f, 0.999965f, 0.000096f, 0.000000f
	},
	{
	0.352762f, -0.647613f, -0.675394f, -0.000049f,
	-0.866321f, 0.046734f, -0.497296f, 0.715897f,
	0.353619f, 0.760535f, -0.544555f, 0.001695f
	},
	{
	0.165698f, 0.546975f, -0.820587f, -0.212158f,
	0.648305f, 0.566603f, 0.508588f, 0.770912f,
	0.743132f, -0.616263f, -0.260722f, -0.221852f
	},
	{
	0.262930f, 0.507450f, -0.820587f, -0.244555f,
	0.740988f, 0.438491f, 0.508588f, 0.644156f,
	0.617903f, -0.741768f, -0.260722f, -0.367149f
	},
	{
	0.583290f, 0.341234f, -0.737111f, -0.292009f,
	0.766221f, 0.070038f, 0.638749f, 0.510422f,
	0.269589f, -0.937366f, -0.220608f, -0.478668f
	},
	{
	0.583290f, 0.341234f, -0.737111f, -0.292009f,
	0.766221f, 0.070039f, 0.638748f, 0.510422f,
	0.269589f, -0.937366f, -0.220608f, -0.478668f
	},
	{
	-0.611764f, 0.666879f, -0.425462f, 0.107771f,
	-0.608080f, -0.740463f, -0.286274f, 1.009865f,
	-0.505949f, 0.083583f, 0.858504f, 0.035891f
	},
	{
	-0.062537f, 0.902813f, -0.425462f, 0.227383f,
	-0.937080f, -0.199821f, -0.286274f, 1.128757f,
	-0.343468f, 0.380789f, 0.858504f, 0.134815f
	},
	{
	0.174309f, 0.888031f, -0.425462f, 0.238670f,
	-0.956808f, 0.050654f, -0.286274f, 1.297881f,
	-0.232669f, 0.456985f, 0.858504f, 0.196804f
	},
	{
	0.174310f, 0.888031f, -0.425462f, 0.238670f,
	-0.956808f, 0.050654f, -0.286274f, 1.297881f,
	-0.232669f, 0.456985f, 0.858504f, 0.196804f
	},
	{
	0.486131f, -0.001226f, -0.873885f, -0.126387f,
	-0.283861f, -0.945994f, -0.156582f, 0.550662f,
	-0.826498f, 0.324181f, -0.460225f, -0.023727f
	},
	{
	-0.143688f, 0.464412f, -0.873885f, -0.256530f,
	0.987605f, 0.010923f, -0.156582f, 0.626655f,
	-0.063173f, -0.885552f, -0.460225f, 0.197537f
	},
	{
	0.353365f, 0.333918f, -0.873860f, -0.227572f,
	0.446414f, -0.881094f, -0.156165f, 0.427617f,
	-0.822100f, -0.334920f, -0.460414f, 0.210268f
	},
	{
	-0.112227f, -0.364959f, -0.924235f, 0.126285f,
	0.993473f, -0.022100f, -0.111907f, 0.550662f,
	0.020416f, -0.930761f, 0.365057f, -0.023751f
	},
	{
	0.041751f, -0.379535f, -0.924235f, 0.156329f,
	0.920733f, 0.373801f, -0.111907f, 0.284697f,
	0.387952f, -0.846301f, 0.365057f, -0.029216f
	},
	{
	-0.163843f, -0.324852f, -0.931465f, 0.147915f,
	0.973914f, -0.203535f, -0.100326f, 0.099136f,
	-0.156995f, -0.923604f, 0.349726f, -0.107403f
	},
	{
	0.051537f, -0.156129f, -0.986392f, -0.092365f,
	-0.993801f, 0.089401f, -0.066075f, 0.942609f,
	0.098501f, 0.983683f, -0.150554f, -0.090845f
	},
	{
	-0.000001f, 0.000096f, -1.000000f, -0.000049f,
	-0.999980f, -0.006258f, 0.000000f, 0.511360f,
	-0.006258f, 0.999980f, 0.000096f, 0.000000f
	},
	{
	0.363775f, -0.681729f, -0.634754f, -0.000049f,
	-0.847384f, 0.040764f, -0.529414f, 0.715900f,
	0.386792f, 0.730468f, -0.562857f, 0.001280f
	},
	{
	0.107351f, 0.558270f, -0.822685f, -0.203694f,
	0.656607f, 0.581529f, 0.480303f, 0.759646f,
	0.746554f, -0.591742f, -0.304136f, -0.232398f
	},
	{
	0.182695f, 0.538343f, -0.822685f, -0.224683f,
	0.729970f, 0.486264f, 0.480303f, 0.631266f,
	0.658609f, -0.688284f, -0.304136f, -0.378364f
	},
	{
	0.525745f, 0.404122f, -0.748517f, -0.257656f,
	0.781581f, 0.117815f, 0.612576f, 0.499522f,
	0.335742f, -0.907086f, -0.253913f, -0.497230f
	},
	{
	0.525744f, 0.404122f, -0.748518f, -0.257656f,
	0.781581f, 0.117816f, 0.612576f, 0.499521f,
	0.335743f, -0.907086f, -0.253913f, -0.497230f
	},
	{
	-0.563264f, 0.685999f, -0.460585f, 0.096887f,
	-0.649520f, -0.712157f, -0.266374f, 1.013806f,
	-0.510742f, 0.149120f, 0.846703f, 0.033945f
	},
	{
	-0.047593f, 0.886339f, -0.460585f, 0.207017f,
	-0.945124f, -0.189171f, -0.266374f, 1.140800f,
	-0.323227f, 0.422632f, 0.846703f, 0.133805f
	},
	{
	0.184457f, 0.868238f, -0.460585f, 0.215606f,
	-0.961807f, 0.063029f, -0.266374f, 1.311376f,
	-0.202246f, 0.492128f, 0.846703f, 0.192141f
	},
	{
	0.184457f, 0.868238f, -0.460585f, 0.215606f,
	-0.961807f, 0.063029f, -0.266374f, 1.311376f,
	-0.202246f, 0.492128f, 0.846703f, 0.192141f
	},
	{
	0.487112f, -0.005521f, -0.873322f, -0.126387f,
	-0.295429f, -0.942070f, -0.158826f, 0.550614f,
	-0.821854f, 0.335370f, -0.460524f, -0.023807f
	},
	{
	-0.139881f, 0.466628f, -0.873322f, -0.256793f,
	0.987306f, -0.001288f, -0.158826f, 0.629703f,
	-0.075238f, -0.884453f, -0.460524f, 0.196214f
	},
	{
	0.355768f, 0.332876f, -0.873283f, -0.228602f,
	0.439294f, -0.884319f, -0.158118f, 0.430726f,
	-0.824894f, -0.327375f, -0.460842f, 0.211377f
	},
	{
	-0.110106f, -0.365676f, -0.924207f, 0.126285f,
	0.993650f, -0.018841f, -0.110925f, 0.550614f,
	0.023149f, -0.930551f, 0.365428f, -0.023831f
	},
	{
	0.041123f, -0.379672f, -0.924207f, 0.155762f,
	0.922416f, 0.369924f, -0.110925f, 0.284602f,
	0.384002f, -0.847942f, 0.365428f, -0.030028f
	},
	{
	-0.161495f, -0.324883f, -0.931864f, 0.147474f,
	0.974791f, -0.199820f, -0.099270f, 0.098701f,
	-0.153954f, -0.924404f, 0.348963f, -0.107418f
	},
	{
	0.065390f, -0.171141f, -0.983075f, -0.095247f,
	-0.990898f, 0.105031f, -0.084195f, 0.937657f,
	0.117663f, 0.979632f, -0.162715f, -0.099942f
	},
	{
	0.000000f, 0.000096f, -1.000000f, -0.000049f,
	-0.999991f, -0.004165f, 0.000000f, 0.511360f,
	-0.004165f, 0.999991f, 0.000096f, 0.000000f
	},
	{
	0.372256f, -0.707481f, -0.600747f, -0.000049f,
	-0.830167f, 0.035627f, -0.556375f, 0.715902f,
	0.415027f, 0.705834f, -0.574065f, 0.000852f
	},
	{
	0.062808f, 0.564007f, -0.823378f, -0.196548f,
	0.667589f, 0.589521f, 0.454741f, 0.749926f,
	0.741876f, -0.578240f, -0.339498f, -0.240438f
	},
	{
	0.119626f, 0.554741f, -0.823378f, -0.208828f,
	0.723881f, 0.518852f, 0.454741f, 0.619399f,
	0.679475f, -0.650427f, -0.339498f, -0.385490f
	},
	{
	0.476953f, 0.446465f, -0.757090f, -0.230418f,
	0.794324f, 0.149783f, 0.588739f, 0.488753f,
	0.376250f, -0.882176f, -0.283198f, -0.508121f
	},
	{
	0.476953f, 0.446465f, -0.757090f, -0.230418f,
	0.794325f, 0.149783f, 0.588738f, 0.488753f,
	0.376250f, -0.882176f, -0.283198f, -0.508121f
	},
	{
	-0.521053f, 0.701367f, -0.486404f, 0.087846f,
	-0.682920f, -0.684419f, -0.255325f, 1.016848f,
	-0.511981f, 0.199137f, 0.835596f, 0.031146f
	},
	{
	-0.027988f, 0.873286f, -0.486404f, 0.189722f,
	-0.951307f, -0.172700f, -0.255325f, 1.150373f,
	-0.306974f, 0.455573f, 0.835596f, 0.131248f
	},
	{
	0.199994f, 0.850537f, -0.486404f, 0.194774f,
	-0.963495f, 0.080540f, -0.255325f, 1.322065f,
	-0.177988f, 0.519711f, 0.835596f, 0.186651f
	},
	{
	0.199994f, 0.850537f, -0.486404f, 0.194774f,
	-0.963495f, 0.080540f, -0.255325f, 1.322065f,
	-0.177989f, 0.519711f, 0.835596f, 0.186651f
	},
	{
	0.487071f, -0.005123f, -0.873347f, -0.126387f,
	-0.298016f, -0.940939f, -0.160686f, 0.550564f,
	-0.820943f, 0.338537f, -0.459831f, -0.023889f
	},
	{
	-0.140249f, 0.466471f, -0.873347f, -0.256782f,
	0.986997f, -0.004095f, -0.160686f, 0.630346f,
	-0.078532f, -0.884527f, -0.459831f, 0.195888f
	},
	{
	0.353692f, 0.335051f, -0.873294f, -0.228517f,
	0.442127f, -0.882644f, -0.159572f, 0.431431f,
	-0.824273f, -0.329667f, -0.460319f, 0.211715f
	},
	{
	-0.106831f, -0.366824f, -0.924136f, 0.126285f,
	0.993870f, -0.012813f, -0.109807f, 0.550564f,
	0.028439f, -0.930202f, 0.365945f, -0.023913f
	},
	{
	0.040158f, -0.379948f, -0.924136f, 0.154885f,
	0.924587f, 0.364802f, -0.109807f, 0.284493f,
	0.378847f, -0.850035f, 0.365944f, -0.031526f
	},
	{
	-0.157841f, -0.324970f, -0.932460f, 0.146792f,
	0.976282f, -0.193064f, -0.097974f, 0.098155f,
	-0.148186f, -0.925808f, 0.347735f, -0.107878f
	},
	{
	0.081301f, -0.191027f, -0.978213f, -0.097467f,
	-0.987551f, 0.117163f, -0.104957f, 0.933153f,
	0.134660f, 0.974567f, -0.179124f, -0.107759f
	},
	{
	0.000000f, 0.000096f, -1.000000f, -0.000049f,
	-0.999998f, -0.002069f, 0.000000f, 0.511360f,
	-0.002069f, 0.999998f, 0.000096f, 0.000000f
	},
	{
	0.378526f, -0.726241f, -0.573840f, -0.000049f,
	-0.815157f, 0.032112f, -0.578348f, 0.715903f,
	0.438448f, 0.686690f, -0.579845f, 0.000423f
	},
	{
	0.030731f, 0.566875f, -0.823230f, -0.190853f,
	0.680075f, 0.591727f, 0.432849f, 0.741787f,
	0.732499f, -0.573160f, -0.367333f, -0.246385f
	},
	{
	0.070770f, 0.563279f, -0.823230f, -0.196861f,
	0.720244f, 0.542116f, 0.432849f, 0.608819f,
	0.690101f, -0.623560f, -0.367333f, -0.389603f
	},
	{
	0.437248f, 0.475521f, -0.763344f, -0.209634f,
	0.804632f, 0.172293f, 0.568227f, 0.478829f,
	0.401722f, -0.862668f, -0.307284f, -0.514152f
	},
	{
	0.437247f, 0.475521f, -0.763345f, -0.209634f,
	0.804633f, 0.172293f, 0.568226f, 0.478829f,
	0.401722f, -0.862667f, -0.307285f, -0.514152f
	},
	{
	-0.484631f, 0.714140f, -0.505110f, 0.080734f,
	-0.710494f, -0.658211f, -0.248910f, 1.019107f,
	-0.510226f, 0.238248f, 0.826382f, 0.027876f
	},
	{
	-0.008304f, 0.863015f, -0.505110f, 0.175489f,
	-0.956062f, -0.154883f, -0.248910f, 1.158023f,
	-0.293046f, 0.480850f, 0.826382f, 0.127635f
	},
	{
	0.216331f, 0.835503f, -0.505110f, 0.176988f,
	-0.963456f, 0.098981f, -0.248910f, 1.330573f,
	-0.157969f, 0.540498f, 0.826382f, 0.180524f
	},
	{
	0.216331f, 0.835503f, -0.505110f, 0.176988f,
	-0.963456f, 0.098981f, -0.248910f, 1.330573f,
	-0.157969f, 0.540498f, 0.826382f, 0.180524f
	},
	{
	0.487137f, -0.005409f, -0.873309f, -0.126387f,
	-0.302529f, -0.939110f, -0.162936f, 0.550513f,
	-0.819252f, 0.343574f, -0.459111f, -0.023971f
	},
	{
	-0.139995f, 0.466619f, -0.873309f, -0.256799f,
	0.986596f, -0.008948f, -0.162936f, 0.631504f,
	-0.083843f, -0.884413f, -0.459111f, 0.195353f
	},
	{
	0.351577f, 0.337409f, -0.873241f, -0.228586f,
	0.444859f, -0.880958f, -0.161286f, 0.432670f,
	-0.823708f, -0.331764f, -0.459823f, 0.212250f
	},
	{
	-0.102154f, -0.368475f, -0.924008f, 0.126285f,
	0.994085f, -0.003374f, -0.108555f, 0.550513f,
	0.036882f, -0.929632f, 0.366640f, -0.023995f
	},
	{
	0.038784f, -0.380401f, -0.924008f, 0.153633f,
	0.927302f, 0.358228f, -0.108555f, 0.284385f,
	0.372300f, -0.852624f, 0.366639f, -0.033869f
	},
	{
	-0.152613f, -0.325094f, -0.933286f, 0.145816f,
	0.978457f, -0.182561f, -0.096407f, 0.097500f,
	-0.139040f, -0.927893f, 0.345952f, -0.108901f
	},
	{
	0.091915f, -0.199791f, -0.975518f, -0.099108f,
	-0.984643f, 0.127787f, -0.118946f, 0.929227f,
	0.148423f, 0.971470f, -0.184978f, -0.114317f
	},
	{
	0.000000f, 0.000096f, -1.000000f, -0.000049f,
	-1.000000f, -0.000028f, 0.000000f, 0.511360f,
	-0.000028f, 1.000000f, 0.000096f, 0.000000f
	},
	{
	0.383099f, -0.739100f, -0.554046f, -0.000049f,
	-0.802675f, 0.030452f, -0.595639f, 0.715904f,
	0.457109f, 0.672907f, -0.581590f, 0.000006f
	},
	{
	0.009344f, 0.568220f, -0.822824f, -0.186684f,
	0.692560f, 0.589877f, 0.415217f, 0.735213f,
	0.721299f, -0.573735f, -0.388015f, -0.250563f
	},
	{
	0.035140f, 0.567209f, -0.822824f, -0.188511f,
	0.718636f, 0.557814f, 0.415217f, 0.599803f,
	0.694498f, -0.605902f, -0.388015f, -0.391592f
	},
	{
	0.407253f, 0.494645f, -0.767770f, -0.194853f,
	0.812794f, 0.187112f, 0.551684f, 0.470104f,
	0.416547f, -0.848714f, -0.325842f, -0.516935f
	},
	{
	0.407252f, 0.494646f, -0.767771f, -0.194853f,
	0.812794f, 0.187112f, 0.551683f, 0.470104f,
	0.416547f, -0.848714f, -0.325843f, -0.516935f
	},
	{
	-0.453129f, 0.724657f, -0.519179f, 0.075482f,
	-0.734306f, -0.633634f, -0.243523f, 1.020713f,
	-0.505440f, 0.270888f, 0.819237f, 0.024471f
	},
	{
	0.011609f, 0.854587f, -0.519179f, 0.164077f,
	-0.960468f, -0.134898f, -0.243523f, 1.164284f,
	-0.278148f, 0.501482f, 0.819237f, 0.123294f
	},
	{
	0.233369f, 0.822188f, -0.519179f, 0.161982f,
	-0.962515f, 0.119425f, -0.243523f, 1.337629f,
	-0.138219f, 0.556548f, 0.819237f, 0.173495f
	},
	{
	0.233369f, 0.822188f, -0.519179f, 0.161982f,
	-0.962515f, 0.119425f, -0.243523f, 1.337629f,
	-0.138219f, 0.556548f, 0.819237f, 0.173495f
	},
	{
	0.487678f, -0.008041f, -0.872987f, -0.126387f,
	-0.312129f, -0.935469f, -0.165749f, 0.550464f,
	-0.815319f, 0.353317f, -0.458717f, -0.024051f
	},
	{
	-0.137643f, 0.467919f, -0.872987f, -0.256944f,
	0.985981f, -0.019197f, -0.165749f, 0.634025f,
	-0.094316f, -0.883563f, -0.458717f, 0.194220f
	},
	{
	0.350774f, 0.339128f, -0.872897f, -0.229204f,
	0.444732f, -0.880630f, -0.163417f, 0.435315f,
	-0.824118f, -0.330883f, -0.459723f, 0.213228f
	},
	{
	-0.095818f, -0.370672f, -0.923808f, 0.126285f,
	0.994189f, 0.010113f, -0.107176f, 0.550464f,
	0.049070f, -0.928709f, 0.367549f, -0.024075f
	},
	{
	0.036925f, -0.381071f, -0.923808f, 0.151937f,
	0.930601f, 0.349992f, -0.107176f, 0.284308f,
	0.364167f, -0.855739f, 0.367549f, -0.037211f
	},
	{
	-0.145549f, -0.325210f, -0.934374f, 0.144495f,
	0.981314f, -0.167589f, -0.094532f, 0.096759f,
	-0.125848f, -0.930673f, 0.343525f, -0.110604f
	},
	{
	0.099853f, -0.203806f, -0.973906f, -0.100304f,
	-0.982151f, 0.136614f, -0.129287f, 0.925960f,
	0.159399f, 0.969433f, -0.186527f, -0.119618f
	},
	{
	0.000000f, 0.000096f, -1.000000f, -0.000049f,
	-0.999998f, 0.001898f, 0.000000f, 0.511360f,
	0.001898f, 0.999998f, 0.000096f, 0.000000f
	},
	{
	0.386304f, -0.746946f, -0.541148f, -0.000049f,
	-0.792980f, 0.030714f, -0.608472f, 0.715903f,
	0.471117f, 0.664175f, -0.580449f, -0.000388f
	},
	{
	-0.003226f, 0.568727f, -0.822520f, -0.184029f,
	0.703375f, 0.585953f, 0.402395f, 0.730201f,
	0.710811f, -0.577242f, -0.401918f, -0.253246f
	},
	{
	0.011290f, 0.568624f, -0.822520f, -0.183398f,
	0.718101f, 0.567810f, 0.402395f, 0.592677f,
	0.695847f, -0.595196f, -0.401918f, -0.392224f
	},
	{
	0.386643f, 0.506353f, -0.770787f, -0.185436f,
	0.818680f, 0.196334f, 0.539645f, 0.463074f,
	0.424583f, -0.839678f, -0.338630f, -0.517811f
	},
	{
	0.386643f, 0.506354f, -0.770788f, -0.185436f,
	0.818680f, 0.196335f, 0.539644f, 0.463074f,
	0.424583f, -0.839678f, -0.338630f, -0.517811f
	},
	{
	-0.426795f, 0.733077f, -0.529570f, 0.071997f,
	-0.754387f, -0.611543f, -0.238570f, 1.021771f,
	-0.498745f, 0.297680f, 0.814027f, 0.021203f
	},
	{
	0.030971f, 0.847701f, -0.529570f, 0.155444f,
	-0.964434f, -0.113802f, -0.238570f, 1.169269f,
	-0.262503f, 0.518124f, 0.814027f, 0.118718f
	},
	{
	0.250276f, 0.810505f, -0.529570f, 0.149854f,
	-0.960860f, 0.140826f, -0.238570f, 1.343330f,
	-0.118785f, 0.568551f, 0.814027f, 0.166094f
	},
	{
	0.250276f, 0.810505f, -0.529570f, 0.149854f,
	-0.960860f, 0.140826f, -0.238570f, 1.343330f,
	-0.118785f, 0.568551f, 0.814027f, 0.166094f
	},
	{
	0.488287f, -0.010931f, -0.872615f, -0.126387f,
	-0.322249f, -0.931511f, -0.168651f, 0.550418f,
	-0.811006f, 0.363549f, -0.458368f, -0.024126f
	},
	{
	-0.135066f, 0.469363f, -0.872615f, -0.257108f,
	0.985218f, -0.030036f, -0.168651f, 0.636688f,
	-0.105368f, -0.882494f, -0.458368f, 0.192990f
	},
	{
	0.349447f, 0.341510f, -0.872501f, -0.229887f,
	0.446314f, -0.879444f, -0.165473f, 0.438131f,
	-0.823826f, -0.331586f, -0.459740f, 0.214226f
	},
	{
	-0.088309f, -0.373154f, -0.923557f, 0.126285f,
	0.994041f, 0.026469f, -0.105743f, 0.550418f,
	0.063904f, -0.927392f, 0.368593f, -0.024150f
	},
	{
	0.034707f, -0.381887f, -0.923557f, 0.149926f,
	0.934230f, 0.340637f, -0.105743f, 0.284301f,
	0.354979f, -0.859144f, 0.368593f, -0.041258f
	},
	{
	-0.137200f, -0.325211f, -0.935636f, 0.142932f,
	0.984441f, -0.149453f, -0.092409f, 0.096020f,
	-0.109781f, -0.933757f, 0.340656f, -0.112799f
	},
	{
	0.105288f, -0.203890f, -0.973316f, -0.101143f,
	-0.980217f, 0.143677f, -0.136132f, 0.923423f,
	0.167599f, 0.968393f, -0.184729f, -0.123677f
	},
	{
	0.000000f, 0.000096f, -1.000000f, -0.000049f,
	-0.999993f, 0.003652f, 0.000000f, 0.511360f,
	0.003652f, 0.999993f, 0.000096f, 0.000000f
	},
	{
	0.388304f, -0.750490f, -0.534775f, -0.000049f,
	-0.786287f, 0.032822f, -0.616989f, 0.715902f,
	0.480596f, 0.660066f, -0.577356f, -0.000747f
	},
	{
	-0.007957f, 0.568677f, -0.822523f, -0.182811f,
	0.712251f, 0.580572f, 0.394507f, 0.726764f,
	0.701880f, -0.582703f, -0.409660f, -0.254657f
	},
	{
	-0.001515f, 0.568731f, -0.822523f, -0.181255f,
	0.718781f, 0.572467f, 0.394507f, 0.587505f,
	0.695235f, -0.590616f, -0.409660f, -0.391889f
	},
	{
	0.375323f, 0.512053f, -0.772616f, -0.180982f,
	0.822551f, 0.200223f, 0.532279f, 0.457779f,
	0.427251f, -0.835292f, -0.346041f, -0.517365f
	},
	{
	0.375322f, 0.512053f, -0.772616f, -0.180982f,
	0.822551f, 0.200224f, 0.532278f, 0.457779f,
	0.427251f, -0.835292f, -0.346041f, -0.517365f
	},
	{
	-0.407019f, 0.739892f, -0.535627f, 0.070180f,
	-0.769469f, -0.593714f, -0.235417f, 1.022361f,
	-0.492192f, 0.316329f, 0.810976f, 0.018294f
	},
	{
	0.048274f, 0.843074f, -0.535627f, 0.149761f,
	-0.967321f, -0.094179f, -0.235417f, 1.172808f,
	-0.248918f, 0.529487f, 0.810976f, 0.114527f
	},
	{
	0.265781f, 0.801539f, -0.535627f, 0.141048f,
	-0.958546f, 0.160525f, -0.235417f, 1.347390f,
	-0.102714f, 0.575992f, 0.810976f, 0.159452f
	},
	{
	0.265781f, 0.801539f, -0.535627f, 0.141048f,
	-0.958546f, 0.160525f, -0.235417f, 1.347390f,
	-0.102714f, 0.575992f, 0.810976f, 0.159452f
	},
	{
	0.488902f, -0.013842f, -0.872229f, -0.126387f,
	-0.332140f, -0.927517f, -0.171451f, 0.550376f,
	-0.806634f, 0.373525f, -0.458062f, -0.024194f
	},
	{
	-0.132471f, 0.470816f, -0.872229f, -0.257272f,
	0.984353f, -0.040668f, -0.171452f, 0.639293f,
	-0.116194f, -0.881293f, -0.458062f, 0.191751f
	},
	{
	0.347762f, 0.344272f, -0.872089f, -0.230574f,
	0.449164f, -0.877637f, -0.167349f, 0.440911f,
	-0.822990f, -0.333514f, -0.459843f, 0.215169f
	},
	{
	-0.080708f, -0.375500f, -0.923302f, 0.126285f,
	0.993603f, 0.043104f, -0.104383f, 0.550376f,
	0.078993f, -0.925820f, 0.369619f, -0.024219f
	},
	{
	0.032439f, -0.382703f, -0.923302f, 0.147891f,
	0.937728f, 0.331316f, -0.104383f, 0.284376f,
	0.345853f, -0.862420f, 0.369619f, -0.045366f
	},
	{
	-0.128768f, -0.325037f, -0.936894f, 0.141354f,
	0.987265f, -0.131009f, -0.090240f, 0.095390f,
	-0.093410f, -0.936583f, 0.337767f, -0.115068f
	},
	{
	0.108319f, -0.200876f, -0.973610f, -0.101666f,
	-0.978936f, 0.148946f, -0.139642f, 0.921670f,
	0.173066f, 0.968227f, -0.180510f, -0.126517f
	},
	{
	0.000000f, 0.000096f, -1.000000f, -0.000049f,
	-0.999986f, 0.005174f, 0.000000f, 0.511360f,
	0.005174f, 0.999986f, 0.000096f, 0.000000f
	},
	{
	0.389113f, -0.750303f, -0.534450f, -0.000049f,
	-0.782759f, 0.036579f, -0.621249f, 0.715901f,
	0.485675f, 0.660082f, -0.573072f, -0.001058f
	},
	{
	-0.005247f, 0.568208f, -0.822869f, -0.182903f,
	0.719786f, 0.573377f, 0.391339f, 0.724926f,
	0.694176f, -0.590235f, -0.411997f, -0.254975f
	},
	{
	-0.003508f, 0.568222f, -0.822868f, -0.181877f,
	0.721538f, 0.571171f, 0.391339f, 0.584193f,
	0.692366f, -0.592358f, -0.411997f, -0.390700f
	},
	{
	0.373389f, 0.512467f, -0.773278f, -0.181244f,
	0.824943f, 0.197852f, 0.529457f, 0.453970f,
	0.424324f, -0.835603f, -0.348880f, -0.515658f
	},
	{
	0.373388f, 0.512467f, -0.773278f, -0.181244f,
	0.824943f, 0.197853f, 0.529456f, 0.453970f,
	0.424324f, -0.835603f, -0.348880f, -0.515658f
	},
	{
	-0.394527f, 0.745169f, -0.537655f, 0.069932f,
	-0.779434f, -0.581272f, -0.233678f, 1.022538f,
	-0.486654f, 0.326874f, 0.810137f, 0.015925f
	},
	{
	0.062403f, 0.840853f, -0.537655f, 0.147070f,
	-0.969222f, -0.077488f, -0.233678f, 1.174933f,
	-0.238151f, 0.535689f, 0.810137f, 0.111076f
	},
	{
	0.278847f, 0.795721f, -0.537655f, 0.135807f,
	-0.956043f, 0.177136f, -0.233678f, 1.349858f,
	-0.090705f, 0.579181f, 0.810137f, 0.154057f
	},
	{
	0.278847f, 0.795721f, -0.537655f, 0.135807f,
	-0.956043f, 0.177136f, -0.233678f, 1.349858f,
	-0.090705f, 0.579181f, 0.810137f, 0.154058f
	},
	{
	0.489466f, -0.016533f, -0.871866f, -0.126387f,
	-0.341069f, -0.923802f, -0.173959f, 0.550339f,
	-0.802555f, 0.382513f, -0.457808f, -0.024254f
	},
	{
	-0.130070f, 0.472157f, -0.871866f, -0.257423f,
	0.983467f, -0.050299f, -0.173959f, 0.641647f,
	-0.125990f, -0.880078f, -0.457808f, 0.190600f
	},
	{
	0.346187f, 0.346839f, -0.871698f, -0.231209f,
	0.451973f, -0.875875f, -0.169004f, 0.443443f,
	-0.822116f, -0.335477f, -0.459979f, 0.215991f
	},
	{
	-0.073653f, -0.377532f, -0.923063f, 0.126285f,
	0.992939f, 0.058549f, -0.103175f, 0.550339f,
	0.092996f, -0.924144f, 0.370554f, -0.024278f
	},
	{
	0.030314f, -0.383453f, -0.923063f, 0.146003f,
	0.940845f, 0.322746f, -0.103175f, 0.284517f,
	0.337478f, -0.865331f, 0.370554f, -0.049174f
	},
	{
	-0.120975f, -0.324718f, -0.938042f, 0.139893f,
	0.989572f, -0.113874f, -0.088201f, 0.094903f,
	-0.078178f, -0.938931f, 0.335108f, -0.117188f
	},
	{
	0.108987f, -0.195604f, -0.974609f, -0.101878f,
	-0.978362f, 0.152357f, -0.139985f, 0.920746f,
	0.175870f, 0.968776f, -0.174767f, -0.128157f
	},
	{
	0.000001f, 0.000096f, -1.000000f, -0.000049f,
	-0.999979f, 0.006405f, 0.000000f, 0.511360f,
	0.006405f, 0.999979f, 0.000096f, 0.000000f
	},
	{
	0.388623f, -0.746851f, -0.539616f, -0.000049f,
	-0.782507f, 0.041685f, -0.621244f, 0.715900f,
	0.486471f, 0.663683f, -0.568217f, -0.001310f
	},
	{
	0.003890f, 0.567447f, -0.823401f, -0.184135f,
	0.725462f, 0.565114f, 0.392876f, 0.724721f,
	0.688252f, -0.598874f, -0.409463f, -0.254341f
	},
	{
	0.004433f, 0.567443f, -0.823401f, -0.184896f,
	0.726002f, 0.564420f, 0.392876f, 0.582879f,
	0.687679f, -0.599532f, -0.409463f, -0.388908f
	},
	{
	0.380187f, 0.508292f, -0.772721f, -0.185696f,
	0.825744f, 0.189828f, 0.531142f, 0.451851f,
	0.416660f, -0.840003f, -0.347549f, -0.513020f
	},
	{
	0.380186f, 0.508293f, -0.772721f, -0.185696f,
	0.825744f, 0.189829f, 0.531142f, 0.451851f,
	0.416660f, -0.840002f, -0.347549f, -0.513020f
	},
	{
	-0.390013f, 0.748736f, -0.535990f, 0.071156f,
	-0.784076f, -0.575251f, -0.233047f, 1.022330f,
	-0.482819f, 0.329365f, 0.811421f, 0.014248f
	},
	{
	0.072217f, 0.841130f, -0.535990f, 0.147411f,
	-0.970278f, -0.065199f, -0.233047f, 1.175633f,
	-0.230969f, 0.536888f, 0.811421f, 0.108649f
	},
	{
	0.288395f, 0.793438f, -0.535990f, 0.134377f,
	-0.953868f, 0.189277f, -0.233047f, 1.350749f,
	-0.083458f, 0.578473f, 0.811421f, 0.150335f
	},
	{
	0.288395f, 0.793438f, -0.535990f, 0.134377f,
	-0.953868f, 0.189277f, -0.233047f, 1.350749f,
	-0.083458f, 0.578473f, 0.811421f, 0.150335f
	},
	{
	0.489932f, -0.018762f, -0.871559f, -0.126387f,
	-0.348317f, -0.920709f, -0.175981f, 0.550309f,
	-0.799150f, 0.389798f, -0.457620f, -0.024302f
	},
	{
	-0.128081f, 0.473266f, -0.871559f, -0.257548f,
	0.982675f, -0.058139f, -0.175981f, 0.643558f,
	-0.133958f, -0.878999f, -0.457620f, 0.189641f
	},
	{
	0.344874f, 0.348976f, -0.871365f, -0.231735f,
	0.454415f, -0.874356f, -0.170322f, 0.445513f,
	-0.821322f, -0.337221f, -0.460122f, 0.216638f
	},
	{
	-0.067794f, -0.379116f, -0.922863f, 0.126285f,
	0.992203f, 0.071342f, -0.102196f, 0.550309f,
	0.104583f, -0.922595f, 0.371323f, -0.024326f
	},
	{
	0.028538f, -0.384071f, -0.922863f, 0.144434f,
	0.943355f, 0.315654f, -0.102196f, 0.284684f,
	0.330555f, -0.867671f, 0.371323f, -0.052324f
	},
	{
	-0.114526f, -0.324341f, -0.938982f, 0.138683f,
	0.991256f, -0.099669f, -0.086474f, 0.094564f,
	-0.065540f, -0.940675f, 0.332920f, -0.118943f
	},
	{
	0.107292f, -0.188936f, -0.976111f, -0.101750f,
	-0.978507f, 0.153832f, -0.137331f, 0.920679f,
	0.176104f, 0.969865f, -0.168370f, -0.128617f
	},
	{
	0.000001f, 0.000096f, -1.000000f, -0.000049f,
	-0.999973f, 0.007286f, 0.000000f, 0.511360f,
	0.007286f, 0.999973f, 0.000096f, 0.000000f
	},
	{
	0.386624f, -0.740542f, -0.549655f, -0.000049f,
	-0.785585f, 0.047750f, -0.616908f, 0.715898f,
	0.483092f, 0.670312f, -0.563297f, -0.001490f
	},
	{
	0.018451f, 0.566517f, -0.823844f, -0.186308f,
	0.728687f, 0.556574f, 0.399049f, 0.726189f,
	0.684598f, -0.607687f, -0.402544f, -0.252871f
	},
	{
	0.021422f, 0.566412f, -0.823844f, -0.189915f,
	0.731597f, 0.552744f, 0.399049f, 0.583716f,
	0.681401f, -0.611270f, -0.402544f, -0.386724f
	},
	{
	0.394893f, 0.499931f, -0.770797f, -0.193782f,
	0.824684f, 0.176882f, 0.537224f, 0.451677f,
	0.404915f, -0.847810f, -0.342435f, -0.509703f
	},
	{
	0.394892f, 0.499931f, -0.770797f, -0.193782f,
	0.824684f, 0.176882f, 0.537223f, 0.451677f,
	0.404915f, -0.847810f, -0.342435f, -0.509703f
	},
	{
	-0.394126f, 0.750150f, -0.530979f, 0.073760f,
	-0.783047f, -0.576548f, -0.233301f, 1.021746f,
	-0.481146f, 0.323832f, 0.814636f, 0.013391f
	},
	{
	0.076534f, 0.843922f, -0.530979f, 0.150820f,
	-0.970628f, -0.058764f, -0.233301f, 1.174847f,
	-0.228090f, 0.533239f, 0.814636f, 0.107465f
	},
	{
	0.293290f, 0.795011f, -0.530980f, 0.137007f,
	-0.952533f, 0.195582f, -0.233300f, 1.350026f,
	-0.081627f, 0.574200f, 0.814636f, 0.148630f
	},
	{
	0.293290f, 0.795011f, -0.530979f, 0.137007f,
	-0.952533f, 0.195582f, -0.233300f, 1.350026f,
	-0.081627f, 0.574200f, 0.814636f, 0.148630f
	},
	{
	0.490259f, -0.020287f, -0.871341f, -0.126387f,
	-0.353173f, -0.918600f, -0.177325f, 0.550287f,
	-0.796816f, 0.394669f, -0.457516f, -0.024336f
	},
	{
	-0.126723f, 0.474032f, -0.871341f, -0.257635f,
	0.982108f, -0.063403f, -0.177325f, 0.644836f,
	-0.139303f, -0.878222f, -0.457516f, 0.188981f
	},
	{
	0.343980f, 0.350447f, -0.871129f, -0.232096f,
	0.456164f, -0.873276f, -0.171186f, 0.446906f,
	-0.820727f, -0.338492f, -0.460250f, 0.217056f
	},
	{
	-0.063784f, -0.380143f, -0.922726f, 0.126285f,
	0.991609f, 0.080033f, -0.101517f, 0.550287f,
	0.112439f, -0.921458f, 0.371849f, -0.024360f
	},
	{
	0.027315f, -0.384488f, -0.922726f, 0.143361f,
	0.945049f, 0.310769f, -0.101517f, 0.284822f,
	0.325786f, -0.869248f, 0.371849f, -0.054462f
	},
	{
	-0.110115f, -0.324025f, -0.939618f, 0.137856f,
	0.992286f, -0.090013f, -0.085246f, 0.094360f,
	-0.056956f, -0.941757f, 0.331437f, -0.120119f
	},
	{
	0.103208f, -0.181754f, -0.977913f, -0.101227f,
	-0.979342f, 0.153307f, -0.131853f, 0.921483f,
	0.173885f, 0.971320f, -0.162177f, -0.127913f
	},
	{
	0.000001f, 0.000096f, -1.000000f, -0.000049f,
	-0.999971f, 0.007586f, 0.000000f, 0.511360f,
	0.007586f, 0.999971f, 0.000096f, 0.000000f
	},
	{
	0.383167f, -0.731512f, -0.563980f, -0.000049f,
	-0.792009f, 0.053990f, -0.608117f, 0.715898f,
	0.475294f, 0.679688f, -0.558676f, -0.001551f
	},
	{
	0.037529f, 0.565247f, -0.824068f, -0.189287f,
	0.728667f, 0.548845f, 0.409650f, 0.729384f,
	0.683839f, -0.615844f, -0.391279f, -0.250545f
	},
	{
	0.046659f, 0.564567f, -0.824067f, -0.196625f,
	0.737441f, 0.536998f, 0.409650f, 0.586915f,
	0.673797f, -0.626815f, -0.391279f, -0.384249f
	},
	{
	0.416534f, 0.487229f, -0.767533f, -0.205046f,
	0.821381f, 0.160165f, 0.547430f, 0.453822f,
	0.389656f, -0.858461f, -0.333486f, -0.505856f
	},
	{
	0.416534f, 0.487229f, -0.767533f, -0.205046f,
	0.821382f, 0.160165f, 0.547429f, 0.453822f,
	0.389656f, -0.858461f, -0.333487f, -0.505856f
	},
	{
	-0.407448f, 0.748908f, -0.522612f, 0.077600f,
	-0.775762f, -0.585786f, -0.234624f, 1.020782f,
	-0.481851f, 0.309825f, 0.819651f, 0.013545f
	},
	{
	0.074251f, 0.849331f, -0.522612f, 0.157264f,
	-0.970261f, -0.059546f, -0.234624f, 1.172459f,
	-0.230393f, 0.524491f, 0.819651f, 0.107756f
	},
	{
	0.292492f, 0.800828f, -0.522612f, 0.143863f,
	-0.952382f, 0.194731f, -0.234624f, 1.347572f,
	-0.086125f, 0.566352f, 0.819651f, 0.149337f
	},
	{
	0.292492f, 0.800828f, -0.522612f, 0.143863f,
	-0.952382f, 0.194731f, -0.234624f, 1.347572f,
	-0.086125f, 0.566352f, 0.819651f, 0.149338f
	},
	{
	0.490404f, -0.020865f, -0.871245f, -0.126387f,
	-0.354786f, -0.917901f, -0.177719f, 0.550280f,
	-0.796009f, 0.396260f, -0.457545f, -0.024348f
	},
	{
	-0.126215f, 0.474343f, -0.871245f, -0.257674f,
	0.981922f, -0.065151f, -0.177719f, 0.645261f,
	-0.141062f, -0.877926f, -0.457545f, 0.188754f
	},
	{
	0.343661f, 0.351019f, -0.871024f, -0.232237f,
	0.457042f, -0.872775f, -0.171399f, 0.447368f,
	-0.820372f, -0.339191f, -0.460369f, 0.217183f
	},
	{
	-0.062275f, -0.380513f, -0.922676f, 0.126285f,
	0.991362f, 0.083333f, -0.101278f, 0.550280f,
	0.115427f, -0.921013f, 0.372036f, -0.024372f
	},
	{
	0.026855f, -0.384639f, -0.922676f, 0.142957f,
	0.945663f, 0.308972f, -0.101278f, 0.284881f,
	0.324037f, -0.869821f, 0.372036f, -0.055273f
	},
	{
	-0.108432f, -0.323895f, -0.939859f, 0.137544f,
	0.992652f, -0.086359f, -0.084762f, 0.094295f,
	-0.053712f, -0.942143f, 0.330879f, -0.120578f
	},
	{
