#include "game/component/Animator.h"
#include "game/resource/animation.h"

// 17 bones
AnimationMatrix const mario_animation_crouch_end[] = { // 9 frames
	{
	-0.000039f, 0.000088f, -1.000000f, -0.000049f,
	-0.914946f, -0.403575f, 0.000000f, 0.315840f,
	-0.403575f, 0.914946f, 0.000096f, -0.105280f
	},
	{
	-0.000095f, -0.000014f, -1.000000f, -0.000041f,
	0.143316f, -0.989677f, 0.000000f, 0.502987f,
	-0.989677f, -0.143316f, 0.000096f, -0.022731f
	},
	{
	0.979021f, -0.201168f, 0.032391f, -0.237653f,
	-0.159206f, -0.656017f, 0.737764f, 0.503873f,
	-0.127165f, -0.727443f, -0.674281f, 0.181058f
	},
	{
	0.228251f, -0.973063f, 0.032391f, -0.429072f,
	-0.662268f, -0.130790f, 0.737764f, 0.535001f,
	-0.713654f, -0.189847f, -0.674281f, 0.205922f
	},
	{
	-0.086759f, 0.209366f, -0.973981f, -0.470266f,
	-0.981282f, -0.186681f, 0.047280f, 0.654527f,
	-0.171925f, 0.959852f, 0.221643f, 0.334722f
	},
	{
	-0.086759f, 0.209366f, -0.973981f, -0.470266f,
	-0.981282f, -0.186682f, 0.047281f, 0.654527f,
	-0.171926f, 0.959852f, 0.221643f, 0.334722f
	},
	{
	-0.914860f, 0.301683f, -0.268364f, 0.237611f,
	-0.040685f, -0.730136f, -0.682089f, 0.503442f,
	-0.401717f, -0.613098f, 0.680246f, 0.183990f
	},
	{
	-0.157735f, 0.950316f, -0.268364f, 0.416484f,
	-0.665505f, -0.303081f, -0.682089f, 0.511396f,
	-0.729536f, 0.071008f, 0.680246f, 0.262534f
	},
	{
	-0.199389f, -0.188916f, -0.961538f, 0.444952f,
	-0.971114f, -0.093162f, 0.219679f, 0.631507f,
	-0.131079f, 0.977564f, -0.164884f, 0.394200f
	},
	{
	-0.199389f, -0.188916f, -0.961538f, 0.444953f,
	-0.971114f, -0.093162f, 0.219679f, 0.631507f,
	-0.131079f, 0.977564f, -0.164884f, 0.394200f
	},
	{
	0.446356f, -0.051551f, -0.893370f, -0.126385f,
	0.169181f, -0.975473f, 0.140817f, 0.361330f,
	-0.878717f, -0.213996f, -0.426686f, -0.111504f
	},
	{
	-0.083797f, 0.441440f, -0.893370f, -0.245880f,
	0.880746f, 0.452169f, 0.140817f, 0.316038f,
	0.466116f, -0.775032f, -0.426686f, 0.123740f
	},
	{
	0.448248f, 0.155402f, -0.880298f, -0.228992f,
	0.344962f, -0.938564f, 0.009967f, 0.138536f,
	-0.824666f, -0.308137f, -0.474317f, 0.029800f
	},
	{
	-0.499058f, -0.053396f, -0.864922f, 0.126287f,
	0.077912f, -0.996822f, 0.016583f, 0.361330f,
	-0.863059f, -0.059112f, 0.501633f, -0.111528f
	},
	{
	0.113991f, -0.488791f, -0.864922f, 0.259890f,
	0.979827f, 0.199160f, 0.016583f, 0.340471f,
	0.164152f, -0.849364f, 0.501633f, 0.119523f
	},
	{
	-0.448719f, -0.187997f, -0.873675f, 0.236917f,
	0.344430f, -0.938478f, 0.025043f, 0.143001f,
	-0.824633f, -0.289683f, 0.485865f, 0.086441f
	},
	{
	-0.000070f, 0.000065f, -1.000000f, -0.000016f,
	-0.677927f, -0.735130f, 0.000000f, 0.465481f,
	-0.735130f, 0.677927f, 0.000096f, 0.236264f
	},
	{
	-0.000039f, 0.000087f, -1.000000f, -0.000049f,
	-0.912702f, -0.408627f, 0.000000f, 0.315840f,
	-0.408627f, 0.912702f, 0.000096f, -0.102272f
	},
	{
	-0.000096f, -0.000006f, -1.000000f, -0.000041f,
	0.062915f, -0.998019f, 0.000000f, 0.502527f,
	-0.998019f, -0.062915f, 0.000096f, -0.018690f
	},
	{
	0.973181f, -0.085701f, 0.213481f, -0.237653f,
	-0.229718f, -0.312915f, 0.921582f, 0.519868f,
	-0.012179f, -0.945907f, -0.324210f, 0.184362f
	},
	{
	0.167744f, -0.962439f, 0.213481f, -0.427930f,
	-0.361509f, 0.141411f, 0.921582f, 0.564783f,
	-0.917155f, -0.231766f, -0.324210f, 0.186744f
	},
	{
	-0.255149f, -0.297329f, -0.920051f, -0.458204f,
	-0.726820f, -0.568571f, 0.385305f, 0.630028f,
	-0.637677f, 0.767022f, -0.071034f, 0.352272f
	},
	{
	-0.255150f, -0.297329f, -0.920051f, -0.458204f,
	-0.726819f, -0.568571f, 0.385305f, 0.630028f,
	-0.637677f, 0.767021f, -0.071034f, 0.352272f
	},
	{
	-0.896997f, 0.413979f, 0.154975f, 0.237611f,
	-0.326541f, -0.384268f, -0.863545f, 0.519679f,
	-0.297937f, -0.825203f, 0.479869f, 0.187319f
	},
	{
	0.147767f, 0.976805f, 0.154975f, 0.412992f,
	-0.460011f, 0.206594f, -0.863545f, 0.583524f,
	-0.875531f, 0.056313f, 0.479869f, 0.245572f
	},
	{
	0.334390f, 0.313072f, -0.888914f, 0.386323f,
	-0.797624f, -0.408375f, -0.443876f, 0.666547f,
	-0.501976f, 0.857447f, 0.113158f, 0.403587f
	},
	{
	0.334390f, 0.313072f, -0.888914f, 0.386323f,
	-0.797624f, -0.408375f, -0.443876f, 0.666547f,
	-0.501976f, 0.857447f, 0.113158f, 0.403587f
	},
	{
	0.442960f, -0.046621f, -0.895328f, -0.126385f,
	0.180240f, -0.973627f, 0.139871f, 0.361363f,
	-0.878237f, -0.223331f, -0.422875f, -0.108244f
	},
	{
	-0.092469f, 0.435703f, -0.895328f, -0.244971f,
	0.870358f, 0.472136f, 0.139871f, 0.313111f,
	0.483659f, -0.766323f, -0.422875f, 0.126871f
	},
	{
	0.446892f, 0.155641f, -0.880944f, -0.226335f,
	0.348110f, -0.937390f, 0.010978f, 0.137702f,
	-0.824079f, -0.311571f, -0.473092f, 0.029396f
	},
	{
	-0.499236f, -0.050963f, -0.864966f, 0.126287f,
	0.077121f, -0.996920f, 0.014226f, 0.361363f,
	-0.863027f, -0.059605f, 0.501629f, -0.108268f
	},
	{
	0.113748f, -0.488769f, -0.864966f, 0.259938f,
	0.979139f, 0.202694f, 0.014226f, 0.340717f,
	0.168370f, -0.848540f, 0.501629f, 0.122774f
	},
	{
	-0.447558f, -0.188631f, -0.874134f, 0.237014f,
	0.353320f, -0.935268f, 0.020923f, 0.143385f,
	-0.821497f, -0.299484f, 0.485234f, 0.088842f
	},
	{
	-0.000069f, 0.000066f, -1.000000f, -0.000016f,
	-0.693029f, -0.720911f, 0.000000f, 0.486063f,
	-0.720911f, 0.693029f, 0.000096f, 0.242488f
	},
	{
	-0.000039f, 0.000088f, -1.000000f, -0.000049f,
	-0.914111f, -0.405464f, 0.000000f, 0.321856f,
	-0.405464f, 0.914111f, 0.000096f, -0.093248f
	},
	{
	-0.000095f, 0.000012f, -1.000000f, -0.000041f,
	-0.128351f, -0.991729f, 0.000000f, 0.508832f,
	-0.991729f, 0.128351f, 0.000096f, -0.010312f
	},
	{
	0.958553f, 0.283993f, -0.022877f, -0.237654f,
	-0.106789f, 0.432557f, 0.895260f, 0.564530f,
	0.264144f, -0.855711f, 0.444957f, 0.185719f
	},
	{
	0.228601f, -0.973252f, -0.022877f, -0.425070f,
	0.437966f, 0.081827f, 0.895260f, 0.585410f,
	-0.869441f, -0.214676f, 0.444957f, 0.134073f
	},
	{
	-0.160630f, -0.788538f, -0.593638f, -0.466328f,
	0.130354f, -0.613128f, 0.779154f, 0.506366f,
	-0.978369f, 0.047773f, 0.201276f, 0.290990f
	},
	{
	-0.160630f, -0.788538f, -0.593638f, -0.466328f,
	0.130355f, -0.613128f, 0.779154f, 0.506365f,
	-0.978369f, 0.047772f, 0.201276f, 0.290990f
	},
	{
	-0.858326f, -0.416188f, 0.300108f, 0.237610f,
	-0.383035f, 0.130545f, -0.914463f, 0.564916f,
	0.341411f, -0.899859f, -0.271464f, 0.188656f
	},
	{
	-0.337079f, 0.892364f, 0.300108f, 0.405430f,
	0.164559f, 0.369700f, -0.914463f, 0.639807f,
	-0.926983f, -0.258861f, -0.271464f, 0.121904f
	},
	{
	-0.068034f, 0.981669f, -0.178036f, 0.466266f,
	0.036503f, -0.175881f, -0.983734f, 0.610108f,
	-0.997015f, -0.073426f, -0.023868f, 0.289206f
	},
	{
	-0.068034f, 0.981669f, -0.178036f, 0.466266f,
	0.036503f, -0.175881f, -0.983734f, 0.610108f,
	-0.997015f, -0.073426f, -0.023868f, 0.289206f
	},
	{
	0.445584f, -0.018389f, -0.895051f, -0.126385f,
	0.212562f, -0.969025f, 0.125729f, 0.367358f,
	-0.869639f, -0.246277f, -0.427874f, -0.099378f
	},
	{
	-0.119588f, 0.429631f, -0.895051f, -0.245674f,
	0.856632f, 0.500375f, 0.125729f, 0.310453f,
	0.501878f, -0.751693f, -0.427874f, 0.133435f
	},
	{
	0.448563f, 0.162520f, -0.878851f, -0.221573f,
	0.354363f, -0.935074f, 0.007949f, 0.137811f,
	-0.820499f, -0.314998f, -0.477031f, 0.032289f
	},
	{
	-0.498144f, -0.058822f, -0.865097f, 0.126287f,
	0.092235f, -0.995631f, 0.014586f, 0.367358f,
	-0.862175f, -0.072526f, 0.501393f, -0.099402f
	},
	{
	0.114494f, -0.488363f, -0.865097f, 0.259646f,
	0.978932f, 0.203667f, 0.014586f, 0.342666f,
	0.169068f, -0.848541f, 0.501393f, 0.131413f
	},
	{
	-0.445272f, -0.188617f, -0.875304f, 0.236571f,
	0.362199f, -0.931954f, 0.016571f, 0.145376f,
	-0.818868f, -0.309656f, 0.483289f, 0.097339f
	},
	{
	-0.000066f, 0.000069f, -1.000000f, -0.000016f,
	-0.722575f, -0.691294f, 0.000000f, 0.542421f,
	-0.691294f, 0.722574f, 0.000096f, 0.249219f
	},
	{
	-0.000036f, 0.000089f, -1.000000f, -0.000049f,
	-0.925921f, -0.377718f, 0.000000f, 0.336896f,
	-0.377718f, 0.925921f, 0.000096f, -0.081216f
	},
	{
	-0.000090f, 0.000032f, -1.000000f, -0.000041f,
	-0.329997f, -0.943982f, 0.000000f, 0.526287f,
	-0.943982f, 0.329997f, 0.000096f, -0.003956f
	},
	{
	0.943010f, 0.012670f, -0.332522f, -0.237656f,
	0.165219f, 0.849577f, 0.500921f, 0.621189f,
	0.288850f, -0.527312f, 0.799066f, 0.176387f
	},
	{
	-0.193368f, -0.923059f, -0.332522f, -0.422034f,
	0.793067f, -0.346588f, 0.500921f, 0.588885f,
	-0.577627f, -0.166850f, 0.799066f, 0.119911f
	},
	{
	-0.517464f, -0.745380f, -0.420284f, -0.387135f,
	0.474518f, -0.658676f, 0.583933f, 0.445752f,
	-0.712083f, 0.102732f, 0.694538f, 0.224161f
	},
	{
	-0.517464f, -0.745380f, -0.420284f, -0.387134f,
	0.474519f, -0.658676f, 0.583932f, 0.445752f,
	-0.712083f, 0.102731f, 0.694538f, 0.224161f
	},
	{
	-0.831203f, -0.318401f, -0.455766f, 0.237608f,
	0.142615f, 0.670231f, -0.728321f, 0.622181f,
	0.537367f, -0.670381f, -0.511689f, 0.179181f
	},
	{
	-0.067235f, 0.887557f, -0.455766f, 0.400125f,
	0.601395f, -0.328440f, -0.728321f, 0.594297f,
	-0.796118f, -0.323064f, -0.511689f, 0.074115f
	},
	{
	0.165807f, 0.874520f, -0.455766f, 0.412260f,
	0.495337f, -0.473487f, -0.728320f, 0.485757f,
	-0.852730f, -0.104998f, -0.511689f, 0.217798f
	},
	{
	0.165807f, 0.874520f, -0.455766f, 0.412260f,
	0.495337f, -0.473487f, -0.728320f, 0.485757f,
	-0.852730f, -0.104998f, -0.511689f, 0.217798f
	},
	{
	0.459947f, 0.056119f, -0.886171f, -0.126386f,
	0.278600f, -0.956725f, 0.084014f, 0.382192f,
	-0.843107f, -0.285530f, -0.455678f, -0.088715f
	},
	{
	-0.173428f, 0.429678f, -0.886171f, -0.249519f,
	0.851804f, 0.517080f, 0.084014f, 0.307608f,
	0.494320f, -0.740273f, -0.455678f, 0.136995f
	},
	{
	0.458715f, 0.165310f, -0.873072f, -0.214567f,
	0.347120f, -0.937808f, 0.004811f, 0.135939f,
	-0.817978f, -0.305267f, -0.487569f, 0.037372f
	},
	{
	-0.492980f, -0.090356f, -0.865336f, 0.126286f,
	0.138715f, -0.990033f, 0.024351f, 0.382192f,
	-0.858911f, -0.108030f, 0.500601f, -0.088739f
	},
	{
	0.117662f, -0.487185f, -0.865336f, 0.258263f,
	0.980774f, 0.193618f, 0.024351f, 0.345057f,
	0.155681f, -0.851564f, 0.500601f, 0.141202f
	},
	{
	-0.441259f, -0.187681f, -0.877534f, 0.234550f,
	0.362150f, -0.931961f, 0.017218f, 0.147395f,
	-0.821059f, -0.310201f, 0.479205f, 0.109826f
	},
	{
	-0.000065f, 0.000070f, -1.000000f, -0.000018f,
	-0.732572f, -0.680690f, 0.000000f, 0.612646f,
	-0.680689f, 0.732572f, 0.000096f, 0.243080f
	},
	{
	-0.000030f, 0.000091f, -1.000000f, -0.000049f,
	-0.949676f, -0.313235f, 0.000000f, 0.372992f,
	-0.313235f, 0.949676f, 0.000096f, -0.072192f
	},
	{
	-0.000081f, 0.000051f, -1.000000f, -0.000043f,
	-0.537505f, -0.843261f, 0.000000f, 0.567242f,
	-0.843261f, 0.537505f, 0.000096f, -0.008121f
	},
	{
	0.931552f, -0.110904f, -0.346281f, -0.237660f,
	0.261910f, 0.865264f, 0.427460f, 0.700934f,
	0.252218f, -0.488896f, 0.835085f, 0.145681f
	},
	{
	-0.215232f, -0.913107f, -0.346281f, -0.419797f,
	0.830215f, -0.357801f, 0.427460f, 0.649725f,
	-0.514217f, -0.195485f, 0.835085f, 0.096367f
	},
	{
	-0.555347f, -0.771545f, -0.310335f, -0.380952f,
	0.526912f, -0.615157f, 0.586469f, 0.499888f,
	-0.643392f, 0.162175f, 0.748162f, 0.189173f
	},
	{
	-0.555347f, -0.771545f, -0.310335f, -0.380952f,
	0.526913f, -0.615156f, 0.586469f, 0.499888f,
	-0.643391f, 0.162174f, 0.748162f, 0.189173f
	},
	{
	-0.832870f, -0.074994f, -0.548364f, 0.237604f,
	0.342673f, 0.708170f, -0.617310f, 0.702551f,
	0.434630f, -0.702048f, -0.564115f, 0.148172f
	},
	{
	0.082994f, 0.832111f, -0.548364f, 0.400447f,
	0.631079f, -0.469753f, -0.617310f, 0.635552f,
	-0.771266f, -0.294828f, -0.564115f, 0.063193f
	},
	{
	0.334553f, 0.839343f, -0.428459f, 0.385468f,
	0.513137f, -0.543597f, -0.664224f, 0.521654f,
	-0.790421f, 0.002360f, -0.612560f, 0.202391f
	},
	{
	0.334553f, 0.839343f, -0.428459f, 0.385468f,
	0.513137f, -0.543597f, -0.664224f, 0.521654f,
	-0.790421f, 0.002360f, -0.612560f, 0.202391f
	},
	{
	0.517481f, 0.234260f, -0.823004f, -0.126386f,
	0.430648f, -0.902413f, 0.013916f, 0.417666f,
	-0.739429f, -0.361626f, -0.567866f, -0.082784f
	},
	{
	-0.299750f, 0.482509f, -0.823004f, -0.264922f,
	0.838540f, 0.544662f, 0.013916f, 0.302376f,
	0.454973f, -0.685950f, -0.567866f, 0.115170f
	},
	{
	0.530846f, 0.178550f, -0.828446f, -0.204512f,
	0.351509f, -0.935889f, 0.023531f, 0.133380f,
	-0.771132f, -0.303697f, -0.559575f, 0.023477f
	},
	{
	-0.478227f, -0.180770f, -0.859431f, 0.126286f,
	0.285562f, -0.957418f, 0.042481f, 0.417666f,
	-0.830514f, -0.225105f, 0.509484f, -0.082808f
	},
	{
	0.128569f, -0.494822f, -0.859431f, 0.254313f,
	0.982474f, 0.181493f, 0.042481f, 0.341217f,
	0.134960f, -0.849830f, 0.509484f, 0.139530f
	},
	{
	-0.444093f, -0.191360f, -0.875307f, 0.228402f,
	0.360959f, -0.932352f, 0.020696f, 0.143213f,
	-0.820055f, -0.306759f, 0.483125f, 0.112331f
	},
	{
	-0.000063f, 0.000072f, -1.000000f, -0.000022f,
	-0.756767f, -0.653686f, 0.000000f, 0.707905f,
	-0.653686f, 0.756766f, 0.000096f, 0.212557f
	},
	{
	-0.000022f, 0.000093f, -1.000000f, -0.000049f,
	-0.974460f, -0.224560f, 0.000000f, 0.421120f,
	-0.224560f, 0.974460f, 0.000096f, -0.057152f
	},
	{
	-0.000066f, 0.000069f, -1.000000f, -0.000044f,
	-0.723278f, -0.690557f, 0.000000f, 0.620440f,
	-0.690557f, 0.723278f, 0.000096f, -0.011219f
	},
	{
	0.920565f, -0.096513f, -0.378477f, -0.237665f,
	0.292636f, 0.812208f, 0.504660f, 0.786978f,
	0.258696f, -0.575328f, 0.775934f, 0.106219f
	},
	{
	0.021247f, -0.925367f, -0.378477f, -0.417654f,
	0.842810f, -0.187056f, 0.504660f, 0.729762f,
	-0.537792f, -0.329706f, 0.775934f, 0.055639f
	},
	{
	-0.344021f, -0.884050f, -0.316394f, -0.421489f,
	0.602879f, -0.466298f, 0.647381f, 0.577652f,
	-0.719851f, 0.031966f, 0.693392f, 0.152700f
	},
	{
	-0.344021f, -0.884050f, -0.316394f, -0.421489f,
	0.602880f, -0.466298f, 0.647381f, 0.577652f,
	-0.719851f, 0.031965f, 0.693392f, 0.152700f
	},
	{
	-0.846305f, -0.032724f, -0.531693f, 0.237599f,
	0.387901f, 0.646233f, -0.657203f, 0.789154f,
	0.365104f, -0.762438f, -0.534217f, 0.108251f
	},
	{
	-0.083993f, 0.842762f, -0.531693f, 0.403069f,
	0.668570f, -0.347993f, -0.657203f, 0.713311f,
	-0.738891f, -0.410674f, -0.534217f, 0.036866f
	},
	{
	0.171717f, 0.887773f, -0.427051f, 0.418228f,
	0.581187f, -0.441308f, -0.683717f, 0.592648f,
	-0.795447f, -0.130791f, -0.591742f, 0.170221f
	},
	{
	0.171716f, 0.887773f, -0.427051f, 0.418228f,
	0.581187f, -0.441308f, -0.683717f, 0.592648f,
	-0.795447f, -0.130791f, -0.591742f, 0.170221f
	},
	{
	0.564251f, 0.419625f, -0.711010f, -0.126386f,
	0.578782f, -0.815191f, -0.021794f, 0.464629f,
	-0.588754f, -0.399222f, -0.702844f, -0.071808f
	},
	{
	-0.385307f, 0.588220f, -0.711010f, -0.277443f,
	0.848186f, 0.529251f, -0.021794f, 0.309682f,
	0.363483f, -0.611466f, -0.702844f, 0.085809f
	},
	{
	0.644846f, 0.179569f, -0.742919f, -0.199790f,
	0.337839f, -0.938866f, 0.066310f, 0.138742f,
	-0.685593f, -0.293747f, -0.666089f, 0.012554f
	},
	{
	-0.458397f, -0.300099f, -0.836548f, 0.126286f,
	0.469970f, -0.880746f, 0.058429f, 0.464629f,
	-0.754321f, -0.366369f, 0.544769f, -0.071832f
	},
	{
	0.138724f, -0.530041f, -0.836548f, 0.249004f,
	0.984486f, 0.165447f, 0.058429f, 0.338812f,
	0.107435f, -0.831676f, 0.544769f, 0.130109f
	},
	{
	-0.474325f, -0.205270f, -0.856084f, 0.221046f,
	0.355995f, -0.934105f, 0.026734f, 0.140403f,
	-0.805161f, -0.292081f, 0.516145f, 0.108457f
	},
	{
	-0.000055f, 0.000079f, -1.000000f, -0.000027f,
	-0.820081f, -0.572248f, 0.000000f, 0.809719f,
	-0.572248f, 0.820081f, 0.000096f, 0.169497f
	},
	{
	-0.000013f, 0.000095f, -1.000000f, -0.000049f,
	-0.991044f, -0.133536f, 0.000000f, 0.457968f,
	-0.133536f, 0.991044f, 0.000096f, -0.039104f
	},
	{
	-0.000049f, 0.000082f, -1.000000f, -0.000046f,
	-0.861111f, -0.508417f, 0.000000f, 0.660680f,
	-0.508417f, 0.861111f, 0.000096f, -0.011790f
	},
	{
	0.910280f, -0.011334f, -0.413838f, -0.237671f,
	0.293611f, 0.722400f, 0.626044f, 0.849518f,
	0.291861f, -0.691383f, 0.660914f, 0.064795f
	},
	{
	0.325850f, -0.850036f, -0.413838f, -0.415649f,
	0.779766f, -0.005875f, 0.626044f, 0.792111f,
	-0.534591f, -0.526693f, 0.660914f, 0.007730f
	},
	{
	-0.021023f, -0.925408f, -0.378388f, -0.474458f,
	0.598354f, -0.314852f, 0.736777f, 0.651379f,
	-0.800956f, -0.210921f, 0.560341f, 0.104213f
	},
	{
	-0.021023f, -0.925408f, -0.378388f, -0.474458f,
	0.598354f, -0.314852f, 0.736777f, 0.651379f,
	-0.800955f, -0.210921f, 0.560341f, 0.104213f
	},
	{
	-0.862869f, -0.077886f, -0.499391f, 0.237593f,
	0.379044f, 0.553878f, -0.741313f, 0.852108f,
	0.334339f, -0.828947f, -0.448402f, 0.066279f
	},
	{
	-0.348427f, 0.793226f, -0.499391f, 0.406301f,
	0.645707f, -0.183079f, -0.741313f, 0.777997f,
	-0.679456f, -0.580754f, -0.448402f, 0.000909f
	},
	{
	-0.117967f, 0.877404f, -0.465022f, 0.469186f,
	0.587959f, -0.315667f, -0.744754f, 0.661460f,
	-0.800243f, -0.361270f, -0.478639f, 0.123537f
	},
	{
	-0.117967f, 0.877404f, -0.465022f, 0.469186f,
	0.587959f, -0.315667f, -0.744754f, 0.661460f,
	-0.800243f, -0.361270f, -0.478639f, 0.123537f
	},
	{
	0.532276f, 0.558957f, -0.635806f, -0.126387f,
	0.697912f, -0.714821f, -0.044153f, 0.499935f,
	-0.479167f, -0.420235f, -0.770585f, -0.057718f
	},
	{
	-0.388462f, 0.666969f, -0.635806f, -0.268883f,
	0.881009f, 0.471035f, -0.044153f, 0.313096f,
	0.270038f, -0.577302f, -0.770585f, 0.070560f
	},
	{
	0.708339f, 0.225979f, -0.668722f, -0.190594f,
	0.341256f, -0.938932f, 0.044182f, 0.135541f,
	-0.617900f, -0.259502f, -0.742199f, 0.016138f
	},
	{
	-0.437988f, -0.418201f, -0.795785f, 0.126285f,
	0.637279f, -0.768790f, 0.053266f, 0.499935f,
	-0.634068f, -0.483808f, 0.603232f, -0.057743f
	},
	{
	0.131323f, -0.591168f, -0.795785f, 0.243540f,
	0.987599f, 0.147684f, 0.053266f, 0.329328f,
	0.086036f, -0.792912f, 0.603232f, 0.112005f
	},
	{
	-0.533952f, -0.220510f, -0.816254f, 0.217074f,
	0.349503f, -0.936617f, 0.024399f, 0.130291f,
	-0.769898f, -0.272255f, 0.577178f, 0.094666f
	},
	{
	-0.000036f, 0.000089f, -1.000000f, -0.000033f,
	-0.925565f, -0.378590f, 0.000000f, 0.886029f,
	-0.378590f, 0.925565f, 0.000096f, 0.121261f
	},
	{
	-0.000006f, 0.000096f, -1.000000f, -0.000049f,
	-0.998126f, -0.061194f, 0.000000f, 0.490304f,
	-0.061194f, 0.998126f, 0.000096f, -0.021056f
	},
	{
	-0.000033f, 0.000090f, -1.000000f, -0.000048f,
	-0.940647f, -0.339386f, 0.000000f, 0.694464f,
	-0.339386f, 0.940647f, 0.000096f, -0.008539f
	},
	{
	0.900860f, 0.047822f, -0.431469f, -0.237676f,
	0.299925f, 0.649992f, 0.698252f, 0.894247f,
	0.313843f, -0.758435f, 0.571208f, 0.031588f
	},
	{
	0.503076f, -0.748832f, -0.431469f, -0.413812f,
	0.711819f, 0.075885f, 0.698252f, 0.835606f,
	-0.490131f, -0.658402f, 0.571208f, -0.029775f
	},
	{
	0.190684f, -0.896286f, -0.400388f, -0.504607f,
	0.555057f, -0.237968f, 0.797046f, 0.707137f,
	-0.809661f, -0.374223f, 0.452113f, 0.058684f
	},
	{
	0.190685f, -0.896286f, -0.400388f, -0.504607f,
	0.555058f, -0.237968f, 0.797046f, 0.707137f,
	-0.809660f, -0.374223f, 0.452114f, 0.058684f
	},
	{
	-0.873542f, -0.081912f, -0.479808f, 0.237588f,
	0.386195f, 0.483366f, -0.785628f, 0.897077f,
	0.296275f, -0.871578f, -0.390607f, 0.032563f
	},
	{
	-0.484094f, 0.731736f, -0.479808f, 0.408383f,
	0.608353f, -0.112678f, -0.785628f, 0.821568f,
	-0.628935f, -0.672210f, -0.390607f, -0.025365f
	},
	{
	-0.275710f, 0.835461f, -0.475383f, 0.495753f,
	0.560255f, -0.262195f, -0.785728f, 0.711772f,
	-0.781088f, -0.482969f, -0.395781f, 0.088146f
	},
	{
	-0.275710f, 0.835461f, -0.475383f, 0.495753f,
	0.560255f, -0.262195f, -0.785728f, 0.711773f,
	-0.781088f, -0.482969f, -0.395782f, 0.088146f
	},
	{
	0.484079f, 0.668565f, -0.564525f, -0.126387f,
	0.792341f, -0.608671f, -0.041416f, 0.530807f,
	-0.371299f, -0.427248f, -0.824376f, -0.042670f
	},
	{
	-0.364698f, 0.740477f, -0.564525f, -0.255981f,
	0.908481f, 0.415868f, -0.041416f, 0.318688f,
	0.204100f, -0.527965f, -0.824376f, 0.056732f
	},
	{
	0.759583f, 0.286097f, -0.584108f, -0.182481f,
	0.359788f, -0.932970f, 0.010903f, 0.135596f,
	-0.541836f, -0.218437f, -0.811603f, 0.015598f
	},
	{
	-0.420570f, -0.513045f, -0.748269f, 0.126285f,
	0.757009f, -0.653025f, 0.022259f, 0.530807f,
	-0.500057f, -0.557085f, 0.663022f, -0.042694f
	},
	{
	0.102733f, -0.655393f, -0.748268f, 0.238877f,
	0.991268f, 0.129969f, 0.022259f, 0.328147f,
	0.082664f, -0.744021f, 0.663022f, 0.091177f
	},
	{
	-0.601399f, -0.223266f, -0.767119f, 0.218172f,
	0.343446f, -0.939163f, 0.004087f, 0.128370f,
	-0.721363f, -0.261006f, 0.641492f, 0.074518f
	},
	{
	-0.000017f, 0.000094f, -1.000000f, -0.000039f,
	-0.984854f, -0.173387f, 0.000000f, 0.940628f,
	-0.173387f, 0.984854f, 0.000096f, 0.080277f
	},
	{
	-0.000002f, 0.000096f, -1.000000f, -0.000049f,
	-0.999785f, -0.020707f, 0.000000f, 0.505344f,
	-0.020707f, 0.999785f, 0.000096f, -0.006016f
	},
	{
	-0.000023f, 0.000093f, -1.000000f, -0.000048f,
	-0.971640f, -0.236465f, 0.000000f, 0.709844f,
	-0.236465f, 0.971640f, 0.000096f, -0.001780f
	},
	{
	0.895553f, 0.051030f, -0.442020f, -0.237679f,
	0.319009f, 0.618893f, 0.717777f, 0.912777f,
	0.310191f, -0.783815f, 0.537973f, 0.016672f
	},
	{
	0.408189f, -0.798749f, -0.442020f, -0.412777f,
	0.695003f, -0.042040f, 0.717777f, 0.850404f,
	-0.591906f, -0.600193f, 0.537973f, -0.043977f
	},
	{
	0.088128f, -0.896054f, -0.435109f, -0.486447f,
	0.484250f, -0.343179f, 0.804816f, 0.724970f,
	-0.870479f, -0.281629f, 0.403671f, 0.062850f
	},
	{
	0.088128f, -0.896054f, -0.435109f, -0.486447f,
	0.484251f, -0.343178f, 0.804816f, 0.724970f,
	-0.870479f, -0.281629f, 0.403671f, 0.062850f
	},
	{
	-0.879382f, -0.065134f, -0.471641f, 0.237585f,
	0.395982f, 0.449967f, -0.800455f, 0.915700f,
	0.264359f, -0.890667f, -0.369900f, 0.017338f
	},
	{
	-0.372434f, 0.799280f, -0.471641f, 0.409522f,
	0.561064f, -0.210901f, -0.800455f, 0.838277f,
	-0.739257f, -0.562737f, -0.369900f, -0.034350f
	},
	{
	-0.152436f, 0.867821f, -0.472917f, 0.476739f,
	0.486570f, -0.350602f, -0.800205f, 0.737016f,
	-0.860240f, -0.352087f, -0.368811f, 0.099071f
	},
	{
	-0.152436f, 0.867821f, -0.472917f, 0.476739f,
	0.486570f, -0.350602f, -0.800205f, 0.737017f,
	-0.860240f, -0.352087f, -0.368811f, 0.099071f
	},
	{
	0.468662f, 0.732279f, -0.494088f, -0.126387f,
	0.839282f, -0.543612f, -0.009585f, 0.544938f,
	-0.275611f, -0.410187f, -0.869359f, -0.029253f
	},
	{
	-0.339226f, 0.800502f, -0.494088f, -0.251854f,
	0.922808f, 0.385139f, -0.009585f, 0.320252f,
	0.182620f, -0.459200f, -0.869359f, 0.044532f
	},
	{
	0.809331f, 0.304369f, -0.502336f, -0.183487f,
	0.359475f, -0.933052f, 0.013820f, 0.134273f,
	-0.464500f, -0.191762f, -0.864562f, 0.007727f
	},
	{
	-0.412982f, -0.552779f, -0.723796f, 0.126285f,
	0.796876f, -0.604106f, 0.006689f, 0.544938f,
	-0.440947f, -0.574013f, 0.689981f, -0.029277f
	},
	{
	0.084279f, -0.684847f, -0.723796f, 0.236845f,
	0.993323f, 0.115172f, 0.006689f, 0.331604f,
	0.078780f, -0.719527f, 0.689981f, 0.088770f
	},
	{
	-0.632481f, -0.229957f, -0.739654f, 0.219860f,
	0.339505f, -0.940602f, 0.002120f, 0.131414f,
	-0.696207f, -0.249775f, 0.672984f, 0.072893f
	},
	{
	-0.000011f, 0.000095f, -1.000000f, -0.000042f,
	-0.993694f, -0.112128f, 0.000000f, 0.964118f,
	-0.112128f, 0.993694f, 0.000096f, 0.060102f
	},
};

