#include "game/component/Animator.h"
#include "game/resource/animation.h"

// 17 bones
AnimationMatrix const mario_animation_skid_on_ground[] = { // 18 frames
	{
	0.145909f, -0.770187f, -0.620904f, -0.000049f,
	-0.930767f, 0.105805f, -0.349969f, 0.270720f,
	0.335236f, 0.628981f, -0.701427f, -0.168448f
	},
	{
	0.269494f, -0.685618f, -0.676240f, -0.029894f,
	-0.963002f, -0.191324f, -0.189796f, 0.461103f,
	0.000747f, 0.702369f, -0.711812f, -0.237018f
	},
	{
	-0.317926f, 0.812607f, -0.488459f, -0.224279f,
	0.501455f, 0.581352f, 0.640759f, 0.615836f,
	0.804652f, -0.041227f, -0.592313f, -0.427445f
	},
	{
	0.772419f, 0.405927f, -0.488459f, -0.162118f,
	0.633290f, -0.434019f, 0.640759f, 0.517791f,
	0.048100f, -0.804270f, -0.592313f, -0.584771f
	},
	{
	0.934641f, 0.092568f, -0.343331f, -0.301524f,
	0.318616f, -0.646717f, 0.692994f, 0.403495f,
	-0.157889f, -0.757092f, -0.633942f, -0.593452f
	},
	{
	0.934641f, 0.092569f, -0.343332f, -0.301524f,
	0.318617f, -0.646716f, 0.692994f, 0.403495f,
	-0.157889f, -0.757092f, -0.633942f, -0.593452f
	},
	{
	-0.872270f, 0.341160f, 0.350365f, 0.096303f,
	-0.368607f, 0.012137f, -0.929506f, 0.708935f,
	-0.321362f, -0.939927f, 0.115167f, -0.089149f
	},
	{
	0.150979f, 0.924364f, 0.350364f, 0.266849f,
	-0.065304f, 0.362979f, -0.929506f, 0.781006f,
	-0.986377f, 0.117455f, 0.115167f, -0.026316f
	},
	{
	0.540242f, 0.765103f, 0.350364f, 0.239600f,
	0.100113f, 0.354959f, -0.929506f, 0.792792f,
	-0.835533f, 0.537234f, 0.115167f, 0.151705f
	},
	{
	0.540242f, 0.765103f, 0.350364f, 0.239600f,
	0.100113f, 0.354959f, -0.929506f, 0.792792f,
	-0.835533f, 0.537234f, 0.115167f, 0.151705f
	},
	{
	0.755776f, 0.194124f, -0.625395f, -0.065663f,
	-0.054980f, -0.932865f, -0.356005f, 0.260357f,
	-0.652518f, 0.303444f, -0.694364f, -0.285308f
	},
	{
	-0.570799f, 0.532043f, -0.625395f, -0.267994f,
	0.815457f, 0.456389f, -0.356005f, 0.275076f,
	0.096013f, -0.713190f, -0.694364f, -0.110621f
	},
	{
	0.750739f, 0.207308f, -0.627228f, -0.152957f,
	-0.015649f, -0.943635f, -0.330616f, 0.110732f,
	-0.660414f, 0.258022f, -0.705179f, -0.129971f
	},
	{
	0.091405f, 0.156101f, -0.983503f, 0.091222f,
	0.374445f, -0.920544f, -0.111308f, 0.348784f,
	-0.922733f, -0.358093f, -0.142593f, -0.108077f
	},
	{
	0.054552f, 0.172471f, -0.983503f, 0.066752f,
	0.569072f, -0.814720f, -0.111308f, 0.248541f,
	-0.820476f, -0.553612f, -0.142593f, 0.138949f
	},
	{
	0.251412f, -0.048252f, -0.966676f, 0.055758f,
	-0.832270f, -0.520623f, -0.190469f, 0.133853f,
	-0.494083f, 0.852422f, -0.171049f, 0.304305f
	},
	{
	0.413625f, -0.052122f, -0.908954f, -0.100419f,
	-0.908393f, 0.043397f, -0.415858f, 0.713117f,
	0.061121f, 0.997697f, -0.029397f, -0.237214f
	},
	{
	0.143270f, -0.761001f, -0.632733f, -0.000049f,
	-0.937111f, 0.101287f, -0.334011f, 0.270720f,
	0.318270f, 0.640795f, -0.698631f, -0.165440f
	},
	{
	0.261782f, -0.675855f, -0.688977f, -0.029354f,
	-0.964939f, -0.197376f, -0.173020f, 0.462400f,
	-0.019051f, 0.710114f, -0.703828f, -0.230540f
	},
	{
	-0.296666f, 0.817624f, -0.493437f, -0.225506f,
	0.489741f, 0.573837f, 0.656403f, 0.621692f,
	0.819843f, -0.046924f, -0.570662f, -0.415313f
	},
	{
	0.778238f, 0.388415f, -0.493437f, -0.167502f,
	0.626183f, -0.420750f, 0.656403f, 0.525938f,
	0.047343f, -0.819819f, -0.570662f, -0.575609f
	},
	{
	0.934322f, 0.074241f, -0.348613f, -0.307958f,
	0.314521f, -0.631876f, 0.708385f, 0.412925f,
	-0.167690f, -0.771505f, -0.613725f, -0.584153f
	},
	{
	0.934321f, 0.074241f, -0.348614f, -0.307958f,
	0.314522f, -0.631875f, 0.708385f, 0.412925f,
	-0.167689f, -0.771505f, -0.613725f, -0.584153f
	},
	{
	-0.881239f, 0.321759f, 0.346249f, 0.101153f,
	-0.358399f, 0.022735f, -0.933291f, 0.706825f,
	-0.308167f, -0.946548f, 0.095284f, -0.080751f
	},
	{
	0.124636f, 0.929827f, 0.346249f, 0.273453f,
	-0.054903f, 0.354898f, -0.933291f, 0.776899f,
	-0.990682f, 0.097312f, 0.095284f, -0.020499f
	},
	{
	0.524125f, 0.778019f, 0.346380f, 0.250959f,
	0.106363f, 0.343735f, -0.933023f, 0.786808f,
	-0.844973f, 0.525863f, 0.097408f, 0.158300f
	},
	{
	0.524125f, 0.778019f, 0.346380f, 0.250959f,
	0.106363f, 0.343735f, -0.933023f, 0.786808f,
	-0.844973f, 0.525863f, 0.097408f, 0.158300f
	},
	{
	0.745423f, 0.186886f, -0.639858f, -0.067275f,
	-0.053976f, -0.939820f, -0.337378f, 0.262730f,
	-0.664402f, 0.286026f, -0.690476f, -0.281568f
	},
	{
	-0.562859f, 0.523231f, -0.639858f, -0.266834f,
	0.817475f, 0.466809f, -0.337378f, 0.277180f,
	0.122165f, -0.712964f, -0.690476f, -0.103699f
	},
	{
	0.742036f, 0.203660f, -0.638675f, -0.153398f,
	-0.009131f, -0.949574f, -0.313408f, 0.112429f,
	-0.670298f, 0.238392f, -0.702758f, -0.128320f
	},
	{
	0.086331f, 0.145933f, -0.985520f, 0.092598f,
	0.384169f, -0.917587f, -0.102221f, 0.347125f,
	-0.919218f, -0.369781f, -0.135279f, -0.105043f
	},
	{
	0.051857f, 0.161432f, -0.985520f, 0.069487f,
	0.577899f, -0.809681f, -0.102221f, 0.244278f,
	-0.814459f, -0.564230f, -0.135279f, 0.141042f
	},
	{
	0.244309f, -0.044465f, -0.968677f, 0.059036f,
	-0.825572f, -0.533550f, -0.183725f, 0.127811f,
	-0.508668f, 0.844599f, -0.167060f, 0.305185f
	},
	{
	0.405882f, -0.034518f, -0.913274f, -0.097861f,
	-0.913104f, 0.027050f, -0.406829f, 0.714921f,
	0.038747f, 0.999037f, -0.020539f, -0.225554f
	},
	{
	0.138877f, -0.744394f, -0.653139f, -0.000049f,
	-0.947216f, 0.092591f, -0.306934f, 0.267712f,
	0.288955f, 0.661290f, -0.692243f, -0.153408f
	},
	{
	0.249235f, -0.633500f, -0.732502f, -0.028455f,
	-0.966124f, -0.214957f, -0.142821f, 0.461459f,
	-0.066979f, 0.743284f, -0.665615f, -0.212512f
	},
	{
	-0.181627f, 0.829477f, -0.528185f, -0.233695f,
	0.454212f, 0.547153f, 0.703075f, 0.628695f,
	0.872183f, -0.112211f, -0.476136f, -0.379542f
	},
	{
	0.789133f, 0.313512f, -0.528185f, -0.198184f,
	0.613467f, -0.359644f, 0.703075f, 0.539887f,
	0.030463f, -0.878843f, -0.476136f, -0.550071f
	},
	{
	0.922263f, 0.000608f, -0.386561f, -0.340606f,
	0.317638f, -0.571110f, 0.756928f, 0.429169f,
	-0.220309f, -0.820873f, -0.526907f, -0.555570f
	},
	{
	0.922263f, 0.000609f, -0.386561f, -0.340606f,
	0.317639f, -0.571109f, 0.756927f, 0.429169f,
	-0.220309f, -0.820873f, -0.526907f, -0.555570f
	},
	{
	-0.906648f, 0.211512f, 0.365038f, 0.113687f,
	-0.367555f, 0.028749f, -0.929557f, 0.699479f,
	-0.207106f, -0.976953f, 0.051677f, -0.062998f
	},
	{
	-0.053744f, 0.929440f, 0.365038f, 0.290954f,
	-0.076455f, 0.360663f, -0.929557f, 0.771343f,
	-0.995623f, -0.077867f, 0.051677f, -0.022505f
	},
	{
	0.428998f, 0.828560f, 0.359789f, 0.300654f,
	0.092526f, 0.355901f, -0.929932f, 0.785142f,
	-0.898554f, 0.432228f, 0.076018f, 0.157185f
	},
	{
	0.428998f, 0.828560f, 0.359789f, 0.300654f,
	0.092526f, 0.355901f, -0.929932f, 0.785142f,
	-0.898554f, 0.432228f, 0.076018f, 0.157185f
	},
	{
	0.724577f, 0.173044f, -0.667116f, -0.070081f,
	-0.051608f, -0.951625f, -0.302896f, 0.263747f,
	-0.687259f, 0.253900f, -0.680595f, -0.268076f
	},
	{
	-0.551612f, 0.500680f, -0.667116f, -0.264059f,
	0.814881f, 0.494190f, -0.302896f, 0.277563f,
	0.178028f, -0.710701f, -0.680595f, -0.084088f
	},
	{
	0.727146f, 0.202098f, -0.656060f, -0.152890f,
	0.011276f, -0.959071f, -0.282942f, 0.113335f,
	-0.686390f, 0.198342f, -0.699663f, -0.119967f
	},
	{
	0.093805f, 0.130923f, -0.986945f, 0.094949f,
	0.345604f, -0.933953f, -0.091046f, 0.341301f,
	-0.933680f, -0.332551f, -0.132856f, -0.093165f
	},
	{
	0.041774f, 0.155548f, -0.986945f, 0.069836f,
	0.651956f, -0.752770f, -0.091046f, 0.248778f,
	-0.757105f, -0.639642f, -0.132856f, 0.156792f
	},
	{
	0.251869f, -0.032086f, -0.967229f, 0.061417f,
	-0.761017f, -0.623984f, -0.177472f, 0.117386f,
	-0.597842f, 0.780778f, -0.181580f, 0.309376f
	},
	{
	0.376985f, 0.033510f, -0.925613f, -0.093679f,
	-0.925760f, -0.017848f, -0.377691f, 0.714290f,
	-0.029177f, 0.999279f, 0.024294f, -0.194983f
	},
	{
	0.132514f, -0.717731f, -0.683595f, -0.000049f,
	-0.960502f, 0.077277f, -0.267327f, 0.265456f,
	0.244695f, 0.692019f, -0.679142f, -0.135360f
	},
	{
	0.228072f, -0.529592f, -0.817016f, -0.027154f,
	-0.960801f, -0.258264f, -0.100803f, 0.461921f,
	-0.157622f, 0.807980f, -0.567735f, -0.185411f
	},
	{
	0.102495f, 0.811934f, -0.574681f, -0.251337f,
	0.365091f, 0.506700f, 0.781002f, 0.639371f,
	0.925312f, -0.289859f, -0.244495f, -0.312860f
	},
	{
	0.807810f, 0.131093f, -0.574680f, -0.271377f,
	0.589209f, -0.207046f, 0.781002f, 0.567989f,
	-0.016602f, -0.969508f, -0.244495f, -0.493777f
	},
	{
	0.879345f, -0.175969f, -0.442479f, -0.417171f,
	0.338799f, -0.421760f, 0.841031f, 0.461648f,
	-0.334616f, -0.889467f, -0.311255f, -0.490781f
	},
	{
	0.879345f, -0.175969f, -0.442479f, -0.417171f,
	0.338800f, -0.421760f, 0.841031f, 0.461649f,
	-0.334615f, -0.889467f, -0.311254f, -0.490781f
	},
	{
	-0.902684f, -0.057645f, 0.426425f, 0.136275f,
	-0.428209f, 0.022678f, -0.903395f, 0.690169f,
	0.042406f, -0.998080f, -0.045155f, -0.042562f
	},
	{
	-0.458917f, 0.779459f, 0.426425f, 0.312768f,
	-0.173061f, 0.392335f, -0.903395f, 0.773893f,
	-0.871461f, -0.488382f, -0.045155f, -0.050853f
	},
	{
	0.185613f, 0.883184f, 0.430736f, 0.395593f,
	0.046039f, 0.430056f, -0.901627f, 0.805127f,
	-0.981544f, 0.187185f, 0.039163f, 0.106428f
	},
	{
	0.185613f, 0.883184f, 0.430736f, 0.395593f,
	0.046039f, 0.430056f, -0.901628f, 0.805127f,
	-0.981544f, 0.187185f, 0.039163f, 0.106428f
	},
	{
	0.690932f, 0.151970f, -0.706765f, -0.074322f,
	-0.045393f, -0.966605f, -0.252218f, 0.267383f,
	-0.721493f, 0.206348f, -0.660960f, -0.247381f
	},
	{
	-0.535030f, 0.462845f, -0.706765f, -0.259293f,
	0.801818f, 0.541732f, -0.252218f, 0.279535f,
	0.266139f, -0.701642f, -0.660960f, -0.054229f
	},
	{
	0.706724f, 0.202126f, -0.678001f, -0.151465f,
	0.049915f, -0.970177f, -0.237201f, 0.117940f,
	-0.705726f, 0.133793f, -0.695736f, -0.107866f
	},
	{
	0.113268f, 0.109116f, -0.987554f, 0.098404f,
	0.210350f, -0.974054f, -0.083498f, 0.334929f,
	-0.971042f, -0.198274f, -0.133282f, -0.075781f
	},
	{
	0.017257f, 0.156328f, -0.987554f, 0.068080f,
	0.784794f, -0.614107f, -0.083498f, 0.278616f,
	-0.619517f, -0.773585f, -0.133282f, 0.184179f
	},
	{
	0.277838f, -0.002440f, -0.960625f, 0.064602f,
	-0.596736f, -0.784093f, -0.170600f, 0.120452f,
	-0.752803f, 0.620639f, -0.219307f, 0.309034f
	},
	{
	0.305026f, 0.177740f, -0.935611f, -0.086839f,
	-0.938831f, -0.108792f, -0.326743f, 0.713359f,
	-0.159862f, 0.978045f, 0.133684f, -0.144162f
	},
	{
	0.124351f, -0.680298f, -0.722309f, -0.000049f,
	-0.974486f, 0.053352f, -0.218014f, 0.264704f,
	0.186852f, 0.730991f, -0.656307f, -0.117312f
	},
	{
	0.194950f, -0.383912f, -0.902555f, -0.025484f,
	-0.940731f, -0.333566f, -0.061310f, 0.464029f,
	-0.277524f, 0.861014f, -0.426187f, -0.155531f
	},
	{
	0.446960f, 0.701575f, -0.554995f, -0.267701f,
	0.238095f, 0.504737f, 0.829790f, 0.649085f,
	0.862286f, -0.503025f, 0.058556f, -0.226775f
	},
	{
	0.824631f, -0.109385f, -0.554995f, -0.355091f,
	0.558067f, -0.003017f, 0.829790f, 0.602532f,
	-0.092441f, -0.993995f, 0.058556f, -0.395369f
	},
	{
	0.802057f, -0.406714f, -0.437364f, -0.503920f,
	0.377549f, -0.222151f, 0.898947f, 0.501812f,
	-0.462776f, -0.886133f, -0.024623f, -0.378685f
	},
	{
	0.802057f, -0.406714f, -0.437365f, -0.503920f,
	0.377549f, -0.222150f, 0.898947f, 0.501813f,
	-0.462775f, -0.886133f, -0.024623f, -0.378685f
	},
	{
	-0.789428f, -0.375231f, 0.485804f, 0.160664f,
	-0.529574f, 0.016111f, -0.848111f, 0.681053f,
	0.310411f, -0.926791f, -0.211431f, -0.023389f
	},
	{
	-0.789899f, 0.374238f, 0.485804f, 0.315013f,
	-0.322417f, 0.420423f, -0.848111f, 0.784595f,
	-0.521638f, -0.826553f, -0.211431f, -0.084080f
	},
	{
	-0.117517f, 0.832815f, 0.540932f, 0.457574f,
	0.002997f, 0.545001f, -0.838430f, 0.842785f,
	-0.993066f, -0.096909f, -0.066543f, 0.010065f
	},
	{
	-0.117517f, 0.832815f, 0.540932f, 0.457574f,
	0.002997f, 0.545001f, -0.838430f, 0.842785f,
	-0.993066f, -0.096909f, -0.066543f, 0.010065f
	},
	{
	0.643925f, 0.128246f, -0.754264f, -0.079794f,
	-0.029399f, -0.980976f, -0.191892f, 0.273983f,
	-0.764524f, 0.145739f, -0.627904f, -0.225124f
	},
	{
	-0.510844f, 0.412462f, -0.754264f, -0.252181f,
	0.772292f, 0.605592f, -0.191892f, 0.281854f,
	0.377628f, -0.680539f, -0.627904f, -0.020452f
	},
	{
	0.679759f, 0.203067f, -0.704764f, -0.149227f,
	0.107427f, -0.978110f, -0.178212f, 0.126209f,
	-0.725525f, 0.045431f, -0.686694f, -0.096558f
	},
	{
	0.086913f, 0.075086f, -0.993382f, 0.102713f,
	0.038915f, -0.996650f, -0.071928f, 0.329069f,
	-0.995455f, -0.032406f, -0.089544f, -0.059294f
	},
	{
	-0.029484f, 0.111007f, -0.993382f, 0.079445f,
	0.913195f, -0.401125f, -0.071928f, 0.318652f,
	-0.406455f, -0.909272f, -0.089544f, 0.207202f
	},
	{
	0.263657f, 0.049991f, -0.963320f, 0.085387f,
	-0.336468f, -0.931168f, -0.140413f, 0.134610f,
	-0.904032f, 0.361147f, -0.228688f, 0.289117f
	},
	{
	0.194348f, 0.338871f, -0.920541f, -0.076502f,
	-0.931143f, -0.231449f, -0.281788f, 0.710215f,
	-0.308548f, 0.911920f, 0.270556f, -0.082904f
	},
	{
	0.114637f, -0.634895f, -0.764046f, -0.000049f,
	-0.985807f, 0.022253f, -0.166402f, 0.264704f,
	0.122650f, 0.772278f, -0.623333f, -0.102272f
	},
	{
	0.152552f, -0.229192f, -0.961352f, -0.023497f,
	-0.903283f, -0.427030f, -0.041530f, 0.466345f,
	-0.401008f, 0.874709f, -0.272169f, -0.127359f
	},
	{
	0.720197f, 0.513769f, -0.466216f, -0.275796f,
	0.131751f, 0.558490f, 0.818981f, 0.651365f,
	0.681144f, -0.651252f, 0.334533f, -0.137529f
	},
	{
	0.816259f, -0.341121f, -0.466216f, -0.416609f,
	0.544031f, 0.182482f, 0.818981f, 0.625605f,
	-0.194296f, -0.922137f, 0.334533f, -0.270706f
	},
	{
	0.692835f, -0.620695f, -0.367038f, -0.563927f,
	0.435164f, -0.045973f, 0.899176f, 0.527418f,
	-0.574989f, -0.782702f, 0.238252f, -0.235640f
	},
	{
	0.692835f, -0.620694f, -0.367038f, -0.563927f,
	0.435164f, -0.045973f, 0.899176f, 0.527418f,
	-0.574988f, -0.782703f, 0.238252f, -0.235640f
	},
	{
	-0.602507f, -0.634812f, 0.483734f, 0.180642f,
	-0.632318f, 0.009852f, -0.774646f, 0.673820f,
	0.486989f, -0.772603f, -0.407340f, -0.006970f
	},
	{
	-0.870270f, -0.092903f, 0.483734f, 0.298444f,
	-0.475133f, 0.417340f, -0.774645f, 0.797451f,
	-0.129914f, -0.903989f, -0.407340f, -0.102187f
	},
	{
	-0.384448f, 0.690546f, 0.612654f, 0.455510f,
	-0.022269f, 0.656528f, -0.753972f, 0.883203f,
	-0.922878f, -0.303506f, -0.237023f, -0.078740f
	},
	{
	-0.384448f, 0.690546f, 0.612655f, 0.455510f,
	-0.022269f, 0.656528f, -0.753972f, 0.883203f,
	-0.922878f, -0.303506f, -0.237023f, -0.078740f
	},
	{
	0.597092f, 0.118840f, -0.793321f, -0.085780f,
	0.006653f, -0.989665f, -0.143245f, 0.281695f,
	-0.802146f, 0.080252f, -0.591711f, -0.204401f
	},
	{
	-0.487273f, 0.364975f, -0.793321f, -0.245629f,
	0.732064f, 0.666006f, -0.143245f, 0.279914f,
	0.476076f, -0.650561f, -0.591711f, 0.010343f
	},
	{
	0.651658f, 0.204272f, -0.730489f, -0.147426f,
	0.173527f, -0.977663f, -0.118591f, 0.132377f,
	-0.738397f, -0.049479f, -0.672548f, -0.085604f
	},
	{
	0.005540f, 0.045885f, -0.998931f, 0.107273f,
	-0.101511f, -0.993761f, -0.046211f, 0.323740f,
	-0.994819f, 0.101659f, -0.000847f, -0.046903f
	},
	{
	-0.045552f, 0.007824f, -0.998931f, 0.105790f,
	0.987453f, -0.151002f, -0.046211f, 0.350916f,
	-0.151202f, -0.988502f, -0.000847f, 0.219422f
	},
	{
	0.188069f, 0.065834f, -0.979946f, 0.114970f,
	-0.037769f, -0.996528f, -0.074196f, 0.151908f,
	-0.981429f, 0.050966f, -0.184930f, 0.249895f
	},
	{
	0.073302f, 0.459936f, -0.884921f, -0.063419f,
	-0.899078f, -0.353527f, -0.258220f, 0.702730f,
	-0.431608f, 0.814541f, 0.387605f, -0.022417f
	},
	{
	0.103434f, -0.584161f, -0.805020f, -0.000049f,
	-0.992918f, -0.013090f, -0.118077f, 0.270720f,
	0.058439f, 0.811532f, -0.581377f, -0.093248f
	},
	{
	0.102389f, -0.112986f, -0.988307f, -0.021206f,
	-0.842322f, -0.538361f, -0.025718f, 0.473815f,
	-0.529160f, 0.835106f, -0.150292f, -0.105201f
	},
	{
	0.853423f, 0.359776f, -0.377135f, -0.273295f,
	0.056803f, 0.655055f, 0.753443f, 0.653656f,
	0.518114f, -0.664428f, 0.538602f, -0.059391f
	},
	{
	0.789109f, -0.484847f, -0.377135f, -0.440157f,
	0.565845f, 0.334877f, 0.753443f, 0.642550f,
	-0.239011f, -0.807949f, 0.538602f, -0.160692f
	},
	{
	0.597983f, -0.746041f, -0.292982f, -0.582575f,
	0.522670f, 0.085839f, 0.848203f, 0.540426f,
	-0.607645f, -0.660344f, 0.441263f, -0.117556f
	},
	{
	0.597984f, -0.746040f, -0.292982f, -0.582575f,
	0.522670f, 0.085839f, 0.848202f, 0.540426f,
	-0.607644f, -0.660344f, 0.441264f, -0.117556f
	},
	{
	-0.481528f, -0.788537f, 0.382545f, 0.196103f,
	-0.688444f, 0.070196f, -0.721885f, 0.668412f,
	0.542380f, -0.610968f, -0.576664f, 0.013630f
	},
	{
	-0.855849f, -0.348111f, 0.382545f, 0.290252f,
	-0.512017f, 0.465532f, -0.721885f, 0.803017f,
	0.073209f, -0.813694f, -0.576664f, -0.092416f
	},
	{
	-0.572213f, 0.596170f, 0.563164f, 0.444715f,
	0.034585f, 0.703628f, -0.709726f, 0.895426f,
	-0.819375f, -0.386637f, -0.423244f, -0.105629f
	},
	{
	-0.572213f, 0.596170f, 0.563164f, 0.444715f,
	0.034585f, 0.703628f, -0.709726f, 0.895426f,
	-0.819375f, -0.386637f, -0.423244f, -0.105629f
	},
	{
	0.571082f, 0.142321f, -0.808461f, -0.091739f,
	0.069056f, -0.989694f, -0.125445f, 0.294944f,
	-0.817983f, 0.015811f, -0.575025f, -0.188511f
	},
	{
	-0.483243f, 0.335956f, -0.808461f, -0.244625f,
	0.699190f, 0.703844f, -0.125445f, 0.276457f,
	0.526887f, -0.625888f, -0.575025f, 0.030473f
	},
	{
	0.632729f, 0.209002f, -0.745636f, -0.147234f,
	0.235206f, -0.969268f, -0.072096f, 0.135546f,
	-0.737789f, -0.129761f, -0.662442f, -0.075713f
	},
	{
	-0.088657f, 0.024799f, -0.995753f, 0.111667f,
	-0.163639f, -0.986470f, -0.009998f, 0.324779f,
	-0.982528f, 0.162058f, 0.091516f, -0.041613f
	},
	{
	-0.004621f, -0.091944f, -0.995753f, 0.135401f,
	0.998261f, 0.058101f, -0.009998f, 0.368588f,
	0.058773f, -0.994068f, 0.091516f, 0.221422f
	},
	{
	0.109515f, 0.025995f, -0.993645f, 0.136333f,
	0.205342f, -0.978686f, -0.002972f, 0.167402f,
	-0.972543f, -0.203712f, -0.112518f, 0.209577f
	},
	{
	-0.025730f, 0.496171f, -0.867843f, -0.048000f,
	-0.841319f, -0.479630f, -0.249275f, 0.694248f,
	-0.539926f, 0.723719f, 0.429779f, 0.033278f
	},
	{
	0.092100f, -0.531190f, -0.842232f, -0.000049f,
	-0.995750f, -0.048652f, -0.078203f, 0.285760f,
	0.000564f, 0.845854f, -0.533413f, -0.093248f
	},
	{
	0.049684f, -0.089068f, -0.994785f, -0.018887f,
	-0.739853f, -0.672367f, 0.023249f, 0.489434f,
	-0.670932f, 0.734839f, -0.099303f, -0.093363f
	},
	{
	0.895385f, 0.312743f, -0.316981f, -0.262614f,
	-0.042558f, 0.768694f, 0.638199f, 0.664291f,
	0.443254f, -0.557944f, 0.701587f, -0.003848f
	},
	{
	0.777874f, -0.542618f, -0.316981f, -0.437680f,
	0.598157f, 0.484675f, 0.638199f, 0.672612f,
	-0.192665f, -0.686043f, 0.701587f, -0.090513f
	},
	{
	0.553530f, -0.797730f, -0.239229f, -0.578070f,
	0.627599f, 0.210721f, 0.749477f, 0.564657f,
	-0.547470f, -0.564997f, 0.617295f, -0.055741f
	},
	{
	0.553530f, -0.797730f, -0.239229f, -0.578070f,
	0.627600f, 0.210721f, 0.749476f, 0.564657f,
	-0.547469f, -0.564998f, 0.617296f, -0.055741f
	},
	{
	-0.486498f, -0.844444f, 0.224130f, 0.210022f,
	-0.707085f, 0.229874f, -0.668721f, 0.655467f,
	0.513176f, -0.483811f, -0.708927f, 0.045365f
	},
	{
	-0.896637f, -0.381849f, 0.224130f, 0.305142f,
	-0.426517f, 0.609012f, -0.668721f, 0.793716f,
	0.118852f, -0.695195f, -0.708927f, -0.054971f
	},
	{
	-0.668776f, 0.612708f, 0.421102f, 0.466967f,
	0.197231f, 0.692325f, -0.694107f, 0.870694f,
	-0.716825f, -0.381148f, -0.583856f, -0.076421f
	},
	{
	-0.668776f, 0.612708f, 0.421102f, 0.466967f,
	0.197231f, 0.692325f, -0.694107f, 0.870694f,
	-0.716825f, -0.381148f, -0.583856f, -0.076421f
	},
	{
	0.587854f, 0.215961f, -0.779608f, -0.097272f,
	0.160685f, -0.975677f, -0.149113f, 0.315989f,
	-0.792848f, -0.037615f, -0.608257f, -0.181014f
	},
	{
	-0.521062f, 0.347428f, -0.779608f, -0.254647f,
	0.693245f, 0.705108f, -0.149113f, 0.272971f,
	0.497902f, -0.618156f, -0.608257f, 0.031241f
	},
	{
	0.638742f, 0.223886f, -0.736127f, -0.149635f,
	0.282296f, -0.958201f, -0.046478f, 0.133258f,
	-0.715764f, -0.178118f, -0.675245f, -0.069104f
	},
	{
	-0.150650f, -0.016735f, -0.988445f, 0.115537f,
	-0.107670f, -0.993631f, 0.033232f, 0.335748f,
	-0.982706f, 0.111432f, 0.147888f, -0.046235f
	},
	{
	0.055552f, -0.141029f, -0.988445f, 0.155867f,
	0.987206f, 0.155947f, 0.033232f, 0.364573f,
	0.149458f, -0.977646f, 0.147888f, 0.216847f
	},
	{
	0.063118f, -0.014762f, -0.997896f, 0.144671f,
	0.322722f, -0.945868f, 0.034405f, 0.165615f,
	-0.944387f, -0.324215f, -0.054937f, 0.186726f
	},
	{
	-0.090814f, 0.402467f, -0.910919f, -0.031889f,
	-0.740588f, -0.638820f, -0.208415f, 0.683051f,
	-0.665793f, 0.655689f, 0.356077f, 0.082217f
	},
	{
	0.081714f, -0.479199f, -0.873894f, -0.000049f,
	-0.995702f, -0.077612f, -0.050545f, 0.312720f,
	-0.043604f, 0.874268f, -0.483481f, -0.105280f
	},
	{
	-0.014256f, -0.126598f, -0.991851f, -0.016763f,
	-0.602638f, -0.790458f, 0.109555f, 0.516385f,
	-0.797887f, 0.599290f, -0.065024f, -0.096361f
	},
	{
	0.904803f, 0.333937f, -0.264228f, -0.245777f,
	-0.171981f, 0.854213f, 0.490655f, 0.687649f,
	0.389555f, -0.398505f, 0.830326f, 0.030964f
	},
	{
	0.789368f, -0.554149f, -0.264228f, -0.422685f,
	0.604678f, 0.627393f, 0.490655f, 0.721275f,
	-0.106122f, -0.547080f, 0.830326f, -0.045202f
	},
	{
	0.547708f, -0.815660f, -0.186315f, -0.565150f,
	0.712635f, 0.338123f, 0.614674f, 0.612143f,
	-0.438369f, -0.469437f, 0.766461f, -0.026049f
	},
	{
	0.547709f, -0.815660f, -0.186315f, -0.565150f,
	0.712635f, 0.338123f, 0.614674f, 0.612143f,
	-0.438368f, -0.469437f, 0.766461f, -0.026049f
	},
	{
	-0.561615f, -0.827150f, 0.020289f, 0.225657f,
	-0.678032f, 0.446037f, -0.584229f, 0.637395f,
	0.474195f, -0.341868f, -0.811335f, 0.064267f
	},
	{
	-0.958643f, -0.283887f, 0.020289f, 0.335464f,
	-0.241790f, 0.774735f, -0.584229f, 0.769963f,
	0.150136f, -0.564973f, -0.811335f, -0.028447f
	},
	{
	-0.695584f, 0.686976f, 0.210300f, 0.508480f,
	0.419368f, 0.625913f, -0.657543f, 0.813602f,
	-0.583346f, -0.369183f, -0.723471f, -0.055544f
	},
	{
	-0.695584f, 0.686976f, 0.210301f, 0.508480f,
	0.419368f, 0.625913f, -0.657543f, 0.813602f,
	-0.583346f, -0.369183f, -0.723471f, -0.055544f
	},
	{
	0.632207f, 0.314041f, -0.708302f, -0.102117f,
	0.261217f, -0.947045f, -0.186738f, 0.347138f,
	-0.729438f, -0.066963f, -0.680762f, -0.185694f
	},
	{
	-0.574233f, 0.410566f, -0.708302f, -0.271367f,
	0.713314f, 0.675509f, -0.186738f, 0.277207f,
	0.401796f, -0.612473f, -0.680762f, 0.009585f
	},
	{
	0.663426f, 0.232726f, -0.711129f, -0.155638f,
	0.318264f, -0.947909f, -0.013301f, 0.133449f,
	-0.677181f, -0.217502f, -0.702935f, -0.071391f
	},
	{
	-0.185205f, -0.078749f, -0.979539f, 0.118692f,
	0.017291f, -0.996891f, 0.076874f, 0.359910f,
	-0.982548f, -0.002700f, 0.185991f, -0.063532f
	},
	{
	0.105105f, -0.171625f, -0.979539f, 0.168273f,
	0.983533f, 0.163567f, 0.076874f, 0.355281f,
	0.147027f, -0.971489f, 0.185991f, 0.199508f
	},
	{
	0.012062f, -0.030547f, -0.999460f, 0.147091f,
	0.344647f, -0.938158f, 0.032833f, 0.157064f,
	-0.938655f, -0.344858f, -0.000788f, 0.169877f
	},
	{
	-0.149014f, 0.208152f, -0.966679f, -0.013032f,
	-0.604655f, -0.792709f, -0.077484f, 0.674093f,
	-0.782423f, 0.572961f, 0.243985f, 0.112443f
	},
	{
	0.071979f, -0.428100f, -0.900860f, -0.000049f,
	-0.994782f, -0.096282f, -0.033729f, 0.339013f,
	-0.072298f, 0.898588f, -0.432797f, -0.117312f
	},
	{
	-0.073329f, -0.129427f, -0.988873f, -0.014772f,
	-0.521814f, -0.840010f, 0.148638f, 0.542489f,
	-0.849902f, 0.526907f, -0.005940f, -0.102524f
	},
	{
	0.918428f, 0.327476f, -0.221919f, -0.231088f,
	-0.224541f, 0.893414f, 0.389092f, 0.708242f,
	0.325684f, -0.307524f, 0.894069f, 0.051501f
	},
	{
	0.775904f, -0.590529f, -0.221919f, -0.410659f,
	0.625790f, 0.676014f, 0.389092f, 0.752144f,
	-0.079750f, -0.440773f, 0.894069f, -0.012177f
	},
	{
	0.510516f, -0.846855f, -0.149023f, -0.550694f,
	0.768527f, 0.371648f, 0.520811f, 0.639202f,
	-0.385667f, -0.380411f, 0.840564f, 0.002217f
	},
	{
	0.510517f, -0.846855f, -0.149024f, -0.550694f,
	0.768527f, 0.371649f, 0.520810f, 0.639202f,
	-0.385667f, -0.380411f, 0.840564f, 0.002217f
	},
	{
	-0.600024f, -0.775961f, -0.194564f, 0.239109f,
	-0.601970f, 0.598131f, -0.529028f, 0.639169f,
	0.526880f, -0.200308f, -0.825999f, 0.056881f
	},
	{
	-0.967713f, -0.160239f, -0.194564f, 0.356425f,
	-0.034039f, 0.847921f, -0.529028f, 0.756867f,
	0.249746f, -0.505325f, -0.825999f, -0.046135f
	},
	{
	-0.694529f, 0.719016f, -0.025374f, 0.531078f,
	0.570531f, 0.528929f, -0.628273f, 0.763010f,
	-0.438317f, -0.450831f, -0.777579f, -0.091209f
	},
	{
	-0.694529f, 0.719016f, -0.025374f, 0.531078f,
	0.570531f, 0.528929f, -0.628273f, 0.763010f,
	-0.438317f, -0.450831f, -0.777579f, -0.091209f
	},
	{
	0.672770f, 0.400170f, -0.622289f, -0.106373f,
	0.348866f, -0.913308f, -0.210147f, 0.375968f,
	-0.652436f, -0.075715f, -0.754052f, -0.190786f
	},
	{
	-0.597792f, 0.505371f, -0.622289f, -0.286481f,
	0.749484f, 0.627784f, -0.210147f, 0.282573f,
	0.284461f, -0.592020f, -0.754052f, -0.016121f
	},
	{
	0.701829f, 0.230121f, -0.674152f, -0.166005f,
	0.332755f, -0.942692f, 0.024630f, 0.131525f,
	-0.629850f, -0.241613f, -0.738182f, -0.073450f
	},
	{
	-0.213006f, -0.133071f, -0.967947f, 0.121249f,
	0.148574f, -0.983572f, 0.102524f, 0.384491f,
	-0.965688f, -0.121974f, 0.229277f, -0.081430f
	},
	{
	0.136787f, -0.210638f, -0.967947f, 0.178274f,
	0.980814f, 0.165807f, 0.102524f, 0.344716f,
	0.138897f, -0.963400f, 0.229277f, 0.177096f
	},
	{
	-0.049294f, -0.046762f, -0.997689f, 0.150706f,
	0.358060f, -0.933335f, 0.026054f, 0.147046f,
	-0.932396f, -0.355949f, 0.062751f, 0.149103f
	},
	{
	-0.193586f, 0.024158f, -0.980786f, 0.004418f,
	-0.533128f, -0.841805f, 0.084493f, 0.679046f,
	-0.823589f, 0.539241f, 0.175841f, 0.119892f
	},
	{
	0.062733f, -0.376076f, -0.924463f, -0.000049f,
	-0.994159f, -0.105050f, -0.024728f, 0.363968f,
	-0.087815f, 0.920614f, -0.380469f, -0.129344f
	},
	{
	-0.109957f, -0.030001f, -0.993483f, -0.012880f,
	-0.533694f, -0.841448f, 0.084478f, 0.567317f,
	-0.838499f, 0.539505f, 0.076511f, -0.111382f
	},
	{
	0.955535f, 0.225223f, -0.190331f, -0.225901f,
	-0.147531f, 0.924015f, 0.352747f, 0.720261f,
	0.255315f, -0.308983f, 0.916157f, 0.059559f
	},
	{
	0.684872f, -0.703366f, -0.190331f, -0.412728f,
	0.716325f, 0.602037f, 0.352747f, 0.749106f,
	-0.133525f, -0.377925f, 0.916157f, 0.009640f
	},
	{
	0.373782f, -0.917079f, -0.138753f, -0.536333f,
	0.829329f, 0.263464f, 0.492747f, 0.619824f,
	-0.415332f, -0.299251f, 0.859039f, 0.033738f
	},
	{
	0.373782f, -0.917079f, -0.138753f, -0.536333f,
	0.829330f, 0.263465f, 0.492746f, 0.619824f,
	-0.415331f, -0.299252f, 0.859039f, 0.033738f
	},
	{
	-0.554521f, -0.743525f, -0.373734f, 0.246596f,
	-0.509677f, 0.658466f, -0.553761f, 0.681717f,
	0.657826f, -0.116589f, -0.744091f, 0.025718f
	},
	{
	-0.922530f, -0.096235f, -0.373733f, 0.355016f,
	0.138691f, 0.821044f, -0.553761f, 0.781369f,
	0.360143f, -0.562695f, -0.744091f, -0.102900f
	},
	{
	-0.708596f, 0.667784f, -0.227939f, 0.521515f,
	0.620291f, 0.435532f, -0.652342f, 0.756338f,
	-0.336349f, -0.603636f, -0.722836f, -0.167899f
	},
	{
	-0.708596f, 0.667784f, -0.227939f, 0.521515f,
	0.620291f, 0.435532f, -0.652342f, 0.756338f,
	-0.336349f, -0.603636f, -0.722837f, -0.167899f
	},
	{
	0.683362f, 0.471602f, -0.557322f, -0.110245f,
	0.428902f, -0.877079f, -0.216277f, 0.402247f,
	-0.590812f, -0.091241f, -0.801633f, -0.196130f
	},
	{
	-0.590902f, 0.583290f, -0.557322f, -0.293189f,
	0.781572f, 0.585123f, -0.216278f, 0.287425f,
	0.199950f, -0.563386f, -0.801633f, -0.037963f
	},
	{
	0.734458f, 0.236239f, -0.636210f, -0.174101f,
	0.337657f, -0.940393f, 0.040611f, 0.129910f,
	-0.588693f, -0.244648f, -0.770446f, -0.078260f
	},
	{
	-0.251020f, -0.164298f, -0.953937f, 0.123341f,
	0.256360f, -0.961585f, 0.098156f, 0.408495f,
	-0.933418f, -0.219912f, 0.283496f, -0.099997f
	},
	{
	0.141729f, -0.264420f, -0.953937f, 0.190542f,
	0.980312f, 0.171333f, 0.098156f, 0.339865f,
	0.137486f, -0.949067f, 0.283496f, 0.149891f
	},
	{
	-0.119938f, -0.067216f, -0.990503f, 0.161978f,
	0.373495f, -0.927463f, 0.017712f, 0.142297f,
	-0.919846f, -0.367823f, 0.136342f, 0.122182f
	},
	{
	-0.207514f, -0.061310f, -0.976309f, 0.015895f,
	-0.563703f, -0.808175f, 0.170567f, 0.706983f,
	-0.799485f, 0.585743f, 0.133147f, 0.108050f
	},
	{
	0.053433f, -0.321158f, -0.945517f, -0.000049f,
	-0.994298f, -0.104620f, -0.020654f, 0.388032f,
	-0.092287f, 0.941229f, -0.324917f, -0.138368f
	},
	{
	-0.129786f, 0.125207f, -0.983605f, -0.010978f,
	-0.599935f, -0.799728f, -0.022639f, 0.591409f,
	-0.789452f, 0.587161f, 0.178909f, -0.119491f
	},
	{
	0.985243f, 0.068011f, -0.157069f, -0.222324f,
	-0.007090f, 0.933097f, 0.359556f, 0.730994f,
	0.171014f, -0.353136f, 0.919809f, 0.064465f
	},
	{
	0.529348f, -0.833738f, -0.157069f, -0.414959f,
	0.816930f, 0.450939f, 0.359556f, 0.732380f,
	-0.228947f, -0.318644f, 0.919809f, 0.031028f
	},
	{
	0.170025f, -0.975829f, -0.137294f, -0.510495f,
	0.860452f, 0.079103f, 0.503355f, 0.584941f,
	-0.480328f, -0.203718f, 0.853102f, 0.072348f
	},
	{
	0.170026f, -0.975828f, -0.137294f, -0.510495f,
	0.860452f, 0.079103f, 0.503354f, 0.584941f,
	-0.480327f, -0.203718f, 0.853103f, 0.072348f
	},
	{
	-0.475602f, -0.726494f, -0.495993f, 0.245538f,
	-0.385689f, 0.678979f, -0.624685f, 0.743558f,
	0.790599f, -0.105803f, -0.603124f, -0.018190f
	},
	{
	-0.865711f, -0.067340f, -0.495993f, 0.338528f,
	0.301884f, 0.720163f, -0.624685f, 0.818968f,
	0.399262f, -0.690529f, -0.603124f, -0.172768f
	},
	{
	-0.721838f, 0.581571f, -0.375132f, 0.494772f,
	0.626152f, 0.317958f, -0.711924f, 0.764484f,
	-0.294758f, -0.748784f, -0.593666f, -0.244827f
	},
	{
	-0.721838f, 0.581571f, -0.375132f, 0.494772f,
	0.626152f, 0.317958f, -0.711924f, 0.764484f,
	-0.294758f, -0.748784f, -0.593666f, -0.244827f
	},
	{
	0.656001f, 0.536823f, -0.530549f, -0.113863f,
	0.512257f, -0.832918f, -0.209383f, 0.426821f,
	-0.554305f, -0.134423f, -0.821387f, -0.198457f
	},
	{
	-0.573719f, 0.623991f, -0.530549f, -0.289482f,
	0.802028f, 0.559384f, -0.209383f, 0.289684f,
	0.166128f, -0.545642f, -0.821387f, -0.050063f
	},
	{
	0.742921f, 0.256184f, -0.618417f, -0.173857f,
	0.352006f, -0.935328f, 0.035408f, 0.128046f,
	-0.569352f, -0.243992f, -0.785052f, -0.083544f
	},
	{
	-0.292573f, -0.197234f, -0.935681f, 0.125043f,
	0.359695f, -0.929333f, 0.083424f, 0.432040f,
	-0.886014f, -0.312152f, 0.342841f, -0.116360f
	},
	{
	0.136802f, -0.325246f, -0.935681f, 0.203368f,
	0.981418f, 0.172797f, 0.083424f, 0.335745f,
	0.134550f, -0.929707f, 0.342841f, 0.120836f
	},
	{
	-0.196513f, -0.093202f, -0.976061f, 0.175798f,
	0.383360f, -0.923534f, 0.011003f, 0.137954f,
	-0.902451f, -0.372020f, 0.217216f, 0.093720f
	},
	{
	-0.196369f, -0.075786f, -0.977597f, 0.022986f,
	-0.646312f, -0.739761f, 0.187173f, 0.748410f,
	-0.737373f, 0.668588f, 0.096285f, 0.087105f
	},
	{
	0.043313f, -0.261289f, -0.964288f, -0.000049f,
	-0.995211f, -0.095943f, -0.018704f, 0.412096f,
	-0.087630f, 0.960480f, -0.264194f, -0.135360f
	},
	{
	-0.144897f, 0.273202f, -0.950981f, -0.008908f,
	-0.681353f, -0.724483f, -0.104318f, 0.615660f,
	-0.717470f, 0.632838f, 0.291123f, -0.117436f
	},
	{
	0.989732f, -0.082316f, -0.116853f, -0.213908f,
	0.122153f, 0.911635f, 0.392429f, 0.749981f,
	0.074224f, -0.402674f, 0.912329f, 0.077305f
	},
	{
	0.355719f, -0.927259f, -0.116853f, -0.407420f,
	0.874215f, 0.285916f, 0.392429f, 0.726097f,
	-0.330473f, -0.241749f, 0.912329f, 0.062792f
	},
	{
	-0.037702f, -0.990927f, -0.129001f, -0.471620f,
	0.840339f, -0.101296f, 0.532512f, 0.568319f,
	-0.540749f, -0.088328f, 0.836534f, 0.122436f
	},
	{
	-0.037702f, -0.990927f, -0.129001f, -0.471620f,
	0.840339f, -0.101296f, 0.532512f, 0.568319f,
	-0.540748f, -0.088328f, 0.836534f, 0.122436f
	},
	{
	-0.420545f, -0.706521f, -0.569183f, 0.238495f,
	-0.230226f, 0.689925f, -0.686294f, 0.801609f,
	0.877575f, -0.157577f, -0.452804f, -0.058897f
	},
	{
	-0.821878f, -0.023397f, -0.569182f, 0.320720f,
	0.459229f, 0.564012f, -0.686293f, 0.846622f,
	0.337083f, -0.825435f, -0.452804f, -0.230481f
	},
	{
	-0.713201f, 0.515632f, -0.474833f, 0.469053f,
	0.627826f, 0.168642f, -0.759864f, 0.763741f,
	-0.311734f, -0.840049f, -0.444003f, -0.291318f
	},
	{
	-0.713201f, 0.515632f, -0.474833f, 0.469053f,
	0.627826f, 0.168642f, -0.759865f, 0.763741f,
	-0.311734f, -0.840049f, -0.444003f, -0.291318f
	},
	{
	0.612689f, 0.597954f, -0.516781f, -0.117279f,
	0.597444f, -0.778479f, -0.192437f, 0.450958f,
	-0.517371f, -0.190843f, -0.834209f, -0.188423f
	},
	{
	-0.550712f, 0.655480f, -0.516781f, -0.281303f,
	0.820772f, 0.537867f, -0.192437f, 0.291015f,
	0.151821f, -0.530136f, -0.834209f, -0.049917f
	},
	{
	0.748658f, 0.282401f, -0.599801f, -0.170315f,
	0.365751f, -0.930531f, 0.018407f, 0.125600f,
	-0.552935f, -0.233158f, -0.799937f, -0.080514f
	},
	{
	-0.334085f, -0.247677f, -0.909419f, 0.126369f,
	0.464391f, -0.882872f, 0.069848f, 0.455684f,
	-0.820200f, -0.398991f, 0.409973f, -0.121669f
	},
	{
	0.130928f, -0.394733f, -0.909419f, 0.215808f,
	0.983754f, 0.165379f, 0.069848f, 0.331362f,
	0.122827f, -0.903789f, 0.409973f, 0.097908f
	},
	{
	-0.280419f, -0.127610f, -0.951357f, 0.189421f,
	0.382629f, -0.923835f, 0.011136f, 0.133100f,
	-0.880318f, -0.360894f, 0.307888f, 0.073154f
	},
	{
	-0.180379f, -0.058788f, -0.981839f, 0.029011f,
	-0.733999f, -0.656443f, 0.174151f, 0.793968f,
	-0.654759f, 0.752082f, 0.075258f, 0.070323f
	},
	{
	0.032302f, -0.198031f, -0.979663f, -0.000049f,
	-0.996561f, -0.081212f, -0.016442f, 0.430144f,
	-0.076304f, 0.976826f, -0.199974f, -0.117312f
	},
	{
	-0.147532f, 0.358975f, -0.921613f, -0.006656f,
	-0.761332f, -0.636029f, -0.125863f, 0.633984f,
	-0.631354f, 0.683085f, 0.367134f, -0.101704f
	},
	{
	0.979678f, -0.174218f, -0.099387f, -0.206726f,
	0.200384f, 0.871688f, 0.447221f, 0.776643f,
	0.008720f, -0.458048f, 0.888885f, 0.092232f
	},
	{
	0.222192f, -0.969924f, -0.099387f, -0.398272f,
	0.880726f, 0.155933f, 0.447221f, 0.737464f,
	-0.418273f, -0.186902f, 0.888885f, 0.090527f
	},
	{
	-0.185090f, -0.973561f, -0.133866f, -0.438374f,
	0.783066f, -0.228415f, 0.578476f, 0.578510f,
	-0.593759f, 0.002244f, 0.804639f, 0.166017f
	},
	{
	-0.185090f, -0.973561f, -0.133866f, -0.438374f,
	0.783066f, -0.228414f, 0.578476f, 0.578510f,
	-0.593759f, 0.002244f, 0.804640f, 0.166017f
	},
	{
	-0.434825f, -0.661832f, -0.610660f, 0.231728f,
	-0.055362f, 0.696487f, -0.715431f, 0.838751f,
	0.898812f, -0.277280f, -0.339490f, -0.080354f
	},
	{
	-0.787303f, 0.085141f, -0.610659f, 0.316745f,
	0.594591f, 0.366906f, -0.715431f, 0.849575f,
	0.163142f, -0.926354f, -0.339490f, -0.256090f
	},
	{
	-0.663270f, 0.514393f, -0.543574f, 0.458837f,
	0.632882f, -0.002114f, -0.774245f, 0.742263f,
	-0.399416f, -0.857552f, -0.324148f, -0.285534f
	},
	{
	-0.663270f, 0.514393f, -0.543574f, 0.458837f,
	0.632882f, -0.002114f, -0.774245f, 0.742264f,
	-0.399416f, -0.857551f, -0.324148f, -0.285534f
	},
	{
	0.569079f, 0.651316f, -0.501933f, -0.120313f,
	0.677749f, -0.717179f, -0.162208f, 0.468990f,
	-0.465625f, -0.247876f, -0.849560f, -0.163098f
	},
	{
	-0.518203f, 0.692480f, -0.501933f, -0.272663f,
	0.842835f, 0.513145f, -0.162208f, 0.287549f,
	0.145239f, -0.507104f, -0.849560f, -0.038445f
	},
	{
	0.761329f, 0.305886f, -0.571675f, -0.168226f,
	0.376324f, -0.926473f, 0.005443f, 0.117687f,
	-0.527977f, -0.219279f, -0.820462f, -0.067716f
	},
	{
	-0.371167f, -0.311765f, -0.874664f, 0.127220f,
	0.562172f, -0.825152f, 0.055557f, 0.473145f,
	-0.739051f, -0.471091f, 0.481535f, -0.112570f
	},
	{
	0.122669f, -0.468951f, -0.874664f, 0.226586f,
	0.986443f, 0.154415f, 0.055556f, 0.322645f,
	0.109008f, -0.869621f, 0.481535f, 0.085282f
	},
	{
	-0.369496f, -0.161777f, -0.915041f, 0.201864f,
	0.377303f, -0.926020f, 0.011362f, 0.123841f,
	-0.849184f, -0.341050f, 0.403200f, 0.063314f
	},
	{
	-0.159253f, -0.047487f, -0.986095f, 0.031953f,
	-0.811870f, -0.562002f, 0.158180f, 0.833222f,
	-0.561699f, 0.825772f, 0.050948f, 0.063519f
	},
	{
	0.021806f, -0.137025f, -0.990328f, -0.000049f,
	-0.997888f, -0.063614f, -0.013170f, 0.454208f,
	-0.061194f, 0.988523f, -0.138122f, -0.090240f
	},
	{
	-0.133324f, 0.338260f, -0.931560f, -0.004509f,
	-0.833614f, -0.546642f, -0.079186f, 0.658320f,
	-0.536015f, 0.766004f, 0.354858f, -0.077723f
	},
	{
	0.975814f, -0.168297f, -0.139504f, -0.209183f,
	0.216963f, 0.823576f, 0.524070f, 0.823949f,
	0.026693f, -0.541663f, 0.840172f, 0.091588f
	},
	{
	0.181871f, -0.973376f, -0.139504f, -0.399974f,
	0.847596f, 0.083260f, 0.524070f, 0.781528f,
	-0.498503f, -0.213557f, 0.840172f, 0.086369f
	},
	{
	-0.222526f, -0.958263f, -0.179478f, -0.432798f,
	0.709292f, -0.285430f, 0.644542f, 0.628554f,
	-0.668870f, 0.016125f, 0.743204f, 0.176338f
	},
	{
	-0.222526f, -0.958263f, -0.179478f, -0.432798f,
	0.709292f, -0.285430f, 0.644542f, 0.628554f,
	-0.668870f, 0.016125f, 0.743205f, 0.176338f
	},
	{
	-0.540036f, -0.552622f, -0.634799f, 0.233955f,
	0.131760f, 0.689429f, -0.712269f, 0.864090f,
	0.831264f, -0.468292f, -0.299503f, -0.075451f
	},
	{
	-0.715379f, 0.291998f, -0.634799f, 0.339543f,
	0.688259f, 0.137736f, -0.712269f, 0.838329f,
	-0.120547f, -0.946449f, -0.299503f, -0.237980f
	},
	{
	-0.536883f, 0.598369f, -0.594735f, 0.468655f,
	0.629385f, -0.185366f, -0.754661f, 0.714112f,
	-0.561809f, -0.779483f, -0.277085f, -0.216224f
	},
	{
	-0.536883f, 0.598369f, -0.594735f, 0.468655f,
	0.629385f, -0.185366f, -0.754661f, 0.714112f,
	-0.561809f, -0.779483f, -0.277085f, -0.216224f
	},
	{
	0.529248f, 0.693135f, -0.489348f, -0.122718f,
	0.746249f, -0.654712f, -0.120268f, 0.493096f,
	-0.403743f, -0.301524f, -0.863756f, -0.129085f
	},
	{
	-0.472968f, 0.732693f, -0.489348f, -0.264404f,
	0.868731f, 0.480460f, -0.120268f, 0.293316f,
	0.146993f, -0.481994f, -0.863756f, -0.020998f
	},
	{
	0.778443f, 0.318354f, -0.540996f, -0.169084f,
	0.379818f, -0.925059f, 0.002165f, 0.118236f,
	-0.499764f, -0.207165f, -0.841022f, -0.050622f
	},
	{
	-0.396663f, -0.382313f, -0.834563f, 0.127510f,
	0.647379f, -0.761067f, 0.040949f, 0.496424f,
	-0.650813f, -0.524036f, 0.549389f, -0.094185f
	},
	{
	0.112159f, -0.539375f, -0.834563f, 0.233701f,
	0.988978f, 0.142291f, 0.040949f, 0.323113f,
	0.096664f, -0.829956f, 0.549389f, 0.080046f
	},
	{
	-0.454434f, -0.190080f, -0.870264f, 0.211097f,
	0.369701f, -0.929098f, 0.009879f, 0.123798f,
	-0.810438f, -0.317249f, 0.492486f, 0.060564f
	},
	{
	-0.133872f, -0.065944f, -0.988802f, 0.030381f,
	-0.877363f, -0.456042f, 0.149198f, 0.876473f,
	-0.460774f, 0.887511f, 0.003195f, 0.062550f
	},
	{
	0.012851f, -0.082510f, -0.996507f, -0.000049f,
	-0.998910f, -0.045775f, -0.009091f, 0.475264f,
	-0.044865f, 0.995538f, -0.083009f, -0.057152f
	},
	{
	-0.102595f, 0.254174f, -0.961701f, -0.002677f,
	-0.896518f, -0.442494f, -0.021308f, 0.679585f,
	-0.430963f, 0.859997f, 0.273270f, -0.047975f
	},
	{
	0.968594f, -0.111547f, -0.222223f, -0.218177f,
	0.227214f, 0.760072f, 0.608823f, 0.868512f,
	0.100993f, -0.640194f, 0.761546f, 0.077948f
	},
	{
	0.194250f, -0.955449f, -0.222223f, -0.407557f,
	0.793063f, 0.019633f, 0.608823f, 0.824087f,
	-0.577336f, -0.294501f, 0.761546f, 0.058202f
	},
	{
	-0.196033f, -0.946019f, -0.258104f, -0.442615f,
	0.618624f, -0.323533f, 0.715982f, 0.680955f,
	-0.760839f, -0.019314f, 0.648653f, 0.162400f
	},
	{
	-0.196032f, -0.946019f, -0.258104f, -0.442615f,
	0.618625f, -0.323532f, 0.715982f, 0.680955f,
	-0.760838f, -0.019314f, 0.648654f, 0.162400f
	},
	{
	-0.672130f, -0.400142f, -0.622998f, 0.239193f,
	0.288241f, 0.633624f, -0.717940f, 0.881336f,
	0.682025f, -0.662122f, -0.310541f, -0.050630f
	},
	{
	-0.585705f, 0.518481f, -0.622998f, 0.370608f,
	0.691289f, -0.081747f, -0.717940f, 0.824979f,
	-0.423166f, -0.851172f, -0.310541f, -0.183980f
	},
	{
	-0.364617f, 0.708561f, -0.604148f, 0.476316f,
	0.580366f, -0.334446f, -0.742510f, 0.700215f,
	-0.728169f, -0.621359f, -0.289280f, -0.107607f
	},
	{
	-0.364617f, 0.708560f, -0.604149f, 0.476316f,
	0.580366f, -0.334446f, -0.742510f, 0.700215f,
	-0.728169f, -0.621359f, -0.289280f, -0.107607f
	},
	{
	0.498329f, 0.722441f, -0.479319f, -0.124461f,
	0.797552f, -0.598779f, -0.073311f, 0.514278f,
	-0.339969f, -0.345749f, -0.874573f, -0.089841f
	},
	{
	-0.419903f, 0.770672f, -0.479319f, -0.257869f,
	0.894205f, 0.441615f, -0.073311f, 0.300764f,
	0.155176f, -0.459393f, -0.874573f, 0.001173f
	},
	{
	0.798035f, 0.319227f, -0.511111f, -0.173244f,
	0.373661f, -0.927557f, 0.004095f, 0.120550f,
	-0.472777f, -0.194250f, -0.859505f, -0.030101f
	},
	{
	-0.409987f, -0.450575f, -0.793027f, 0.127329f,
	0.715439f, -0.698160f, 0.026799f, 0.516575f,
	-0.565735f, -0.556376f, 0.608596f, -0.068867f
	},
	{
	0.100554f, -0.600830f, -0.793027f, 0.237087f,
	0.991087f, 0.130494f, 0.026799f, 0.325044f,
	0.087384f, -0.788654f, 0.608596f, 0.082587f
	},
	{
