#include "game/component/Animator.h"
#include "game/resource/animation.h"

// 17 bones
AnimationMatrix const mario_animation_triple_jump[] = { // 35 frames
	{
	-0.000013f, 0.000095f, -1.000000f, -0.000049f,
	-0.991273f, -0.131825f, 0.000000f, 0.372992f,
	-0.131825f, 0.991273f, 0.000096f, 0.129344f
	},
	{
	0.000016f, 0.000094f, -1.000000f, -0.000046f,
	-0.985942f, 0.167088f, 0.000000f, 0.575751f,
	0.167088f, 0.985942f, 0.000096f, 0.156308f
	},
	{
	0.392813f, -0.713860f, -0.579743f, -0.237684f,
	-0.784814f, -0.588822f, 0.193278f, 0.769428f,
	-0.479338f, 0.379068f, -0.791544f, 0.093000f
	},
	{
	0.297391f, -0.758589f, -0.579743f, -0.314487f,
	-0.854248f, -0.482602f, 0.193278f, 0.922874f,
	-0.426403f, 0.437765f, -0.791544f, 0.186720f
	},
	{
	0.028602f, -0.812240f, -0.582622f, -0.368160f,
	-0.997581f, -0.060141f, 0.034870f, 1.077049f,
	-0.063363f, 0.580215f, -0.811995f, 0.263677f
	},
	{
	0.028602f, -0.812240f, -0.582622f, -0.368160f,
	-0.997581f, -0.060142f, 0.034871f, 1.077049f,
	-0.063364f, 0.580215f, -0.811995f, 0.263677f
	},
	{
	-0.538901f, 0.788190f, -0.297226f, 0.237580f,
	-0.740316f, -0.611492f, -0.279300f, 0.772393f,
	-0.401893f, 0.069526f, 0.913043f, 0.092452f
	},
	{
	-0.217610f, 0.929679f, -0.297226f, 0.342946f,
	-0.911277f, -0.302597f, -0.279300f, 0.917140f,
	-0.349599f, 0.210077f, 0.913043f, 0.171030f
	},
	{
	0.031552f, 0.954286f, -0.297226f, 0.382220f,
	-0.958610f, -0.055297f, -0.279300f, 1.081607f,
	-0.282968f, 0.293736f, 0.913043f, 0.234125f
	},
	{
	0.031552f, 0.954286f, -0.297226f, 0.382220f,
	-0.958610f, -0.055297f, -0.279300f, 1.081607f,
	-0.282968f, 0.293736f, 0.913043f, 0.234125f
	},
	{
	-0.006977f, 0.149384f, -0.988755f, -0.126387f,
	0.973335f, 0.227728f, 0.027538f, 0.414927f,
	0.229280f, -0.962198f, -0.146990f, 0.110657f
	},
	{
	-0.111333f, 0.099846f, -0.988755f, -0.124519f,
	0.520695f, 0.853298f, 0.027538f, 0.154353f,
	0.846452f, -0.511774f, -0.146990f, 0.049276f
	},
	{
	0.001795f, 0.144985f, -0.989432f, -0.102081f,
	0.985015f, 0.170383f, 0.026754f, 0.049414f,
	0.172461f, -0.974653f, -0.142506f, -0.121315f
	},
	{
	0.005200f, -0.168311f, -0.985720f, 0.126285f,
	0.971876f, 0.232931f, -0.034646f, 0.414927f,
	0.235436f, -0.957817f, 0.164789f, 0.110633f
	},
	{
	0.114798f, -0.123196f, -0.985720f, 0.124893f,
	0.577686f, 0.815523f, -0.034646f, 0.154744f,
	0.808146f, -0.565460f, 0.164789f, 0.047604f
	},
	{
	0.007893f, -0.164220f, -0.986392f, 0.101757f,
	0.989361f, 0.144582f, -0.016154f, 0.038319f,
	0.145267f, -0.975770f, 0.163614f, -0.115267f
	},
	{
	0.000060f, 0.000075f, -1.000000f, -0.000050f,
	-0.780677f, 0.624934f, 0.000000f, 0.833768f,
	0.624934f, 0.780677f, 0.000096f, 0.112582f
	},
	{
	-0.000015f, 0.000095f, -1.000000f, -0.000049f,
	-0.987740f, -0.156110f, 0.000000f, 0.376000f,
	-0.156110f, 0.987740f, 0.000096f, 0.159424f
	},
	{
	0.000034f, 0.000089f, -1.000000f, -0.000046f,
	-0.934297f, 0.356496f, 0.000000f, 0.578036f,
	0.356496f, 0.934296f, 0.000096f, 0.191355f
	},
	{
	0.411838f, -0.605691f, -0.680829f, -0.237687f,
	-0.783447f, -0.616925f, 0.074927f, 0.755607f,
	-0.465404f, 0.502536f, -0.728599f, 0.091428f
	},
	{
	0.336737f, -0.650446f, -0.680829f, -0.318210f,
	-0.851372f, -0.519184f, 0.074927f, 0.908787f,
	-0.402212f, 0.554408f, -0.728599f, 0.182423f
	},
	{
	0.126428f, -0.732206f, -0.669247f, -0.378984f,
	-0.991975f, -0.094418f, -0.084093f, 1.062442f,
	-0.001616f, 0.674507f, -0.738267f, 0.255015f
	},
	{
	0.126428f, -0.732206f, -0.669247f, -0.378984f,
	-0.991975f, -0.094419f, -0.084093f, 1.062442f,
	-0.001617f, 0.674507f, -0.738267f, 0.255015f
	},
	{
	-0.550700f, 0.726637f, -0.410765f, 0.237577f,
	-0.755600f, -0.643076f, -0.124583f, 0.758417f,
	-0.354680f, 0.241766f, 0.903189f, 0.090310f
	},
	{
	-0.253143f, 0.875894f, -0.410765f, 0.345249f,
	-0.936088f, -0.328965f, -0.124583f, 0.906152f,
	-0.244249f, 0.352975f, 0.903189f, 0.159657f
	},
	{
	-0.016757f, 0.911587f, -0.410765f, 0.390937f,
	-0.989421f, -0.074325f, -0.124583f, 1.075097f,
	-0.144098f, 0.404332f, 0.903189f, 0.203739f
	},
	{
	-0.016757f, 0.911587f, -0.410765f, 0.390937f,
	-0.989421f, -0.074325f, -0.124583f, 1.075098f,
	-0.144098f, 0.404332f, 0.903189f, 0.203739f
	},
	{
	-0.020680f, 0.138069f, -0.990207f, -0.126387f,
	0.958580f, 0.284147f, 0.019600f, 0.418381f,
	0.284070f, -0.948787f, -0.138227f, 0.141772f
	},
	{
	-0.115281f, 0.078748f, -0.990207f, -0.120850f,
	0.443677f, 0.895972f, 0.019600f, 0.161758f,
	0.888741f, -0.437072f, -0.138227f, 0.065723f
	},
	{
	-0.022448f, 0.130045f, -0.991254f, -0.097617f,
	0.954897f, 0.296436f, 0.017265f, 0.072341f,
	0.296088f, -0.946158f, -0.130834f, -0.113391f
	},
	{
	0.017574f, -0.158640f, -0.987180f, 0.126285f,
	0.949803f, 0.311094f, -0.033084f, 0.418381f,
	0.312354f, -0.937045f, 0.156144f, 0.141748f
	},
	{
	0.114499f, -0.111199f, -0.987180f, 0.121581f,
	0.534773f, 0.844348f, -0.033084f, 0.164107f,
	0.837202f, -0.524129f, 0.156144f, 0.058127f
	},
	{
	0.023329f, -0.158905f, -0.987018f, 0.098505f,
	0.971390f, 0.237002f, -0.015197f, 0.056331f,
	0.236340f, -0.958425f, 0.159888f, -0.110600f
	},
	{
	0.000070f, 0.000065f, -1.000000f, -0.000055f,
	-0.678274f, 0.734809f, 0.000000f, 0.822538f,
	0.734809f, 0.678274f, 0.000096f, 0.098062f
	},
	{
	-0.000021f, 0.000094f, -1.000000f, -0.000049f,
	-0.976782f, -0.214234f, 0.000000f, 0.379008f,
	-0.214234f, 0.976782f, 0.000096f, 0.168448f
	},
	{
	0.000030f, 0.000091f, -1.000000f, -0.000045f,
	-0.950784f, 0.309856f, 0.000000f, 0.578803f,
	0.309856f, 0.950783f, 0.000096f, 0.212268f
	},
	{
	0.437165f, -0.473581f, -0.764597f, -0.237685f,
	-0.631056f, -0.767253f, 0.114414f, 0.761099f,
	-0.640823f, 0.432486f, -0.634272f, 0.121245f
	},
	{
	0.385043f, -0.516849f, -0.764597f, -0.323160f,
	-0.708101f, -0.696779f, 0.114414f, 0.884484f,
	-0.591890f, 0.497357f, -0.634272f, 0.246538f
	},
	{
	0.240519f, -0.633141f, -0.735720f, -0.392652f,
	-0.947683f, -0.317065f, -0.036955f, 1.012281f,
	-0.209873f, 0.706118f, -0.676277f, 0.353363f
	},
	{
	0.240519f, -0.633141f, -0.735720f, -0.392652f,
	-0.947683f, -0.317066f, -0.036955f, 1.012282f,
	-0.209874f, 0.706118f, -0.676277f, 0.353363f
	},
	{
	-0.563184f, 0.641201f, -0.521234f, 0.237579f,
	-0.657745f, -0.729675f, -0.186937f, 0.763959f,
	-0.500196f, 0.237559f, 0.832688f, 0.120267f
	},
	{
	-0.302602f, 0.797964f, -0.521234f, 0.347692f,
	-0.871835f, -0.452723f, -0.186937f, 0.892562f,
	-0.385143f, 0.397862f, 0.832688f, 0.218065f
	},
	{
	-0.084816f, 0.849189f, -0.521234f, 0.402306f,
	-0.959537f, -0.210579f, -0.186937f, 1.049910f,
	-0.268506f, 0.484288f, 0.832688f, 0.287576f
	},
	{
	-0.084816f, 0.849189f, -0.521234f, 0.402306f,
	-0.959537f, -0.210579f, -0.186937f, 1.049910f,
	-0.268506f, 0.484288f, 0.832688f, 0.287576f
	},
	{
	-0.022321f, 0.129459f, -0.991333f, -0.126386f,
	0.948609f, 0.315826f, 0.019885f, 0.422359f,
	0.315663f, -0.939944f, -0.129856f, 0.153332f
	},
	{
	-0.112853f, 0.067248f, -0.991334f, -0.120411f,
	0.377099f, 0.925959f, 0.019885f, 0.168405f,
	0.919272f, -0.371587f, -0.129856f, 0.068826f
	},
	{
	-0.033253f, 0.116918f, -0.992585f, -0.097667f,
	0.918171f, 0.395867f, 0.015870f, 0.092406f,
	0.394787f, -0.910834f, -0.120515f, -0.116441f
	},
	{
	0.020699f, -0.151068f, -0.988307f, 0.126286f,
	0.928006f, 0.370700f, -0.037228f, 0.422359f,
	0.371990f, -0.916384f, 0.147865f, 0.153308f
	},
	{
	0.109842f, -0.105758f, -0.988307f, 0.120744f,
	0.498775f, 0.865932f, -0.037228f, 0.173921f,
	0.859743f, -0.488853f, 0.147865f, 0.053722f
	},
	{
	0.029024f, -0.153924f, -0.987656f, 0.098607f,
	0.950734f, 0.309342f, -0.020272f, 0.073400f,
	0.308644f, -0.938410f, 0.155320f, -0.119547f
	},
	{
	0.000064f, 0.000072f, -1.000000f, -0.000052f,
	-0.747061f, 0.664755f, 0.000000f, 0.827619f,
	0.664755f, 0.747061f, 0.000096f, 0.131180f
	},
	{
	-0.000031f, 0.000091f, -1.000000f, -0.000049f,
	-0.947177f, -0.320710f, 0.000000f, 0.385024f,
	-0.320710f, 0.947177f, 0.000096f, 0.150400f
	},
	{
	0.000020f, 0.000094f, -1.000000f, -0.000043f,
	-0.978864f, 0.204510f, 0.000000f, 0.578763f,
	0.204510f, 0.978864f, 0.000096f, 0.215999f
	},
	{
	0.465248f, -0.321166f, -0.824862f, -0.237681f,
	-0.376253f, -0.915237f, 0.144136f, 0.769888f,
	-0.801235f, 0.243298f, -0.546651f, 0.145362f
	},
	{
	0.435421f, -0.360570f, -0.824862f, -0.328647f,
	-0.454746f, -0.878880f, 0.144136f, 0.843453f,
	-0.776926f, 0.312343f, -0.546651f, 0.302019f
	},
	{
	0.362505f, -0.514468f, -0.777118f, -0.407231f,
	-0.805817f, -0.591950f, 0.015991f, 0.925526f,
	-0.468242f, 0.620418f, -0.629152f, 0.442239f
	},
	{
	0.362505f, -0.514468f, -0.777118f, -0.407231f,
	-0.805816f, -0.591950f, 0.015991f, 0.925526f,
	-0.468242f, 0.620418f, -0.629152f, 0.442239f
	},
	{
	-0.582403f, 0.521590f, -0.623499f, 0.237583f,
	-0.467358f, -0.842414f, -0.268171f, 0.772832f,
	-0.665119f, 0.135213f, 0.734393f, 0.144701f
	},
	{
	-0.372219f, 0.687533f, -0.623499f, 0.351454f,
	-0.724227f, -0.635279f, -0.268171f, 0.864210f,
	-0.580472f, 0.351736f, 0.734393f, 0.274745f
	},
	{
	-0.180806f, 0.760630f, -0.623499f, 0.418632f,
	-0.864410f, -0.425299f, -0.268171f, 0.994919f,
	-0.469152f, 0.490472f, 0.734393f, 0.379509f
	},
	{
	-0.180806f, 0.760630f, -0.623499f, 0.418632f,
	-0.864410f, -0.425299f, -0.268171f, 0.994919f,
	-0.469152f, 0.490472f, 0.734393f, 0.379509f
	},
	{
	-0.017012f, 0.123596f, -0.992187f, -0.126386f,
	0.931907f, 0.361533f, 0.029057f, 0.429780f,
	0.362299f, -0.924131f, -0.121331f, 0.140160f
	},
	{
	-0.108129f, 0.062238f, -0.992187f, -0.121831f,
	0.284860f, 0.958129f, 0.029057f, 0.180297f,
	0.952451f, -0.279493f, -0.121331f, 0.043169f
	},
	{
	-0.036309f, 0.107477f, -0.993544f, -0.100040f,
	0.862641f, 0.505288f, 0.023134f, 0.122888f,
	0.504512f, -0.856232f, -0.111061f, -0.148785f
	},
	{
	0.017294f, -0.145215f, -0.989249f, 0.126286f,
	0.896121f, 0.441087f, -0.049083f, 0.429780f,
	0.443473f, -0.885638f, 0.137758f, 0.140136f
	},
	{
	0.102089f, -0.104711f, -0.989249f, 0.121656f,
	0.442703f, 0.895324f, -0.049083f, 0.189877f,
	0.890838f, -0.432932f, 0.137758f, 0.021413f
	},
	{
	0.027748f, -0.149467f, -0.988377f, 0.101082f,
	0.919562f, 0.391523f, -0.033392f, 0.100657f,
	0.391963f, -0.907948f, 0.148308f, -0.158123f
	},
	{
	0.000051f, 0.000081f, -1.000000f, -0.000048f,
	-0.843375f, 0.537325f, 0.000000f, 0.834928f,
	0.537325f, 0.843375f, 0.000096f, 0.162480f
	},
	{
	-0.000044f, 0.000085f, -1.000000f, -0.000049f,
	-0.887310f, -0.461174f, 0.000000f, 0.391040f,
	-0.461174f, 0.887310f, 0.000096f, 0.117312f
	},
	{
	0.000005f, 0.000096f, -1.000000f, -0.000040f,
	-0.998887f, 0.047179f, 0.000000f, 0.572534f,
	0.047179f, 0.998886f, 0.000096f, 0.211642f
	},
	{
	0.496067f, -0.156703f, -0.854027f, -0.237676f,
	-0.029519f, -0.986055f, 0.163782f, 0.772426f,
	-0.867782f, -0.056036f, -0.493775f, 0.172110f
	},
	{
	0.484433f, -0.189639f, -0.854027f, -0.334667f,
	-0.095624f, -0.981851f, 0.163782f, 0.778198f,
	-0.869587f, 0.002324f, -0.493775f, 0.341779f
	},
	{
	0.484580f, -0.381868f, -0.786993f, -0.422097f,
	-0.533978f, -0.841739f, 0.079643f, 0.795456f,
	-0.692856f, 0.381644f, -0.611799f, 0.498722f
	},
	{
	0.484580f, -0.381868f, -0.786994f, -0.422097f,
	-0.533977f, -0.841740f, 0.079643f, 0.795456f,
	-0.692857f, 0.381643f, -0.611799f, 0.498722f
	},
	{
	-0.602660f, 0.373284f, -0.705309f, 0.237588f,
	-0.178410f, -0.924502f, -0.336847f, 0.775431f,
	-0.777799f, -0.077170f, 0.623758f, 0.171923f
	},
	{
	-0.451193f, 0.546776f, -0.705309f, 0.355421f,
	-0.465358f, -0.818521f, -0.336847f, 0.810314f,
	-0.761490f, 0.176237f, 0.623758f, 0.323998f
	},
	{
	-0.293718f, 0.645190f, -0.705309f, 0.436852f,
	-0.661958f, -0.669586f, -0.336847f, 0.894301f,
	-0.689595f, 0.367947f, 0.623758f, 0.461432f
	},
	{
	-0.293718f, 0.645190f, -0.705309f, 0.436852f,
	-0.661958f, -0.669586f, -0.336847f, 0.894301f,
	-0.689595f, 0.367947f, 0.623758f, 0.461432f
	},
	{
	-0.009258f, 0.118989f, -0.992852f, -0.126385f,
	0.899958f, 0.433792f, 0.043596f, 0.436835f,
	0.435879f, -0.893122f, -0.111101f, 0.114006f
	},
	{
	-0.103341f, 0.059704f, -0.992852f, -0.123907f,
	0.151649f, 0.987473f, 0.043596f, 0.195905f,
	0.983018f, -0.146059f, -0.111101f, -0.002684f
	},
	{
	-0.036481f, 0.100704f, -0.994247f, -0.103080f,
	0.774483f, 0.631596f, 0.035555f, 0.165343f,
	0.631543f, -0.768730f, -0.101035f, -0.200798f
	},
	{
	0.009542f, -0.140562f, -0.990026f, 0.126287f,
	0.849816f, 0.522925f, -0.066053f, 0.436835f,
	0.526994f, -0.840709f, 0.124441f, 0.113982f
	},
	{
	0.092366f, -0.106382f, -0.990026f, 0.123733f,
	0.362649f, 0.929582f, -0.066053f, 0.209329f,
	0.927337f, -0.352931f, 0.124441f, -0.027101f
	},
	{
	0.021751f, -0.145391f, -0.989135f, 0.105117f,
	0.873377f, 0.484264f, -0.051975f, 0.136242f,
	0.486560f, -0.862757f, 0.137515f, -0.213993f
	},
	{
	0.000033f, 0.000090f, -1.000000f, -0.000041f,
	-0.937314f, 0.348485f, 0.000000f, 0.833938f,
	0.348485f, 0.937314f, 0.000096f, 0.199296f
	},
	{
	-0.000059f, 0.000075f, -1.000000f, -0.000049f,
	-0.783708f, -0.621129f, 0.000000f, 0.400064f,
	-0.621129f, 0.783708f, 0.000096f, 0.072192f
	},
	{
	-0.000015f, 0.000095f, -1.000000f, -0.000037f,
	-0.987842f, -0.155459f, 0.000000f, 0.560367f,
	-0.155459f, 0.987842f, 0.000096f, 0.199240f
	},
	{
	0.531622f, 0.014862f, -0.846851f, -0.237669f,
	0.355999f, -0.911159f, 0.207493f, 0.764129f,
	-0.768532f, -0.411787f, -0.489683f, 0.200879f
	},
	{
	0.531751f, -0.009143f, -0.846851f, -0.341611f,
	0.314520f, -0.926296f, 0.207493f, 0.694524f,
	-0.786332f, -0.376687f, -0.489683f, 0.351143f
	},
	{
	0.603363f, -0.239752f, -0.760573f, -0.437582f,
	-0.152072f, -0.970827f, 0.185390f, 0.637759f,
	-0.782833f, 0.003804f, -0.622221f, 0.493060f
	},
	{
	0.603363f, -0.239752f, -0.760574f, -0.437582f,
	-0.152071f, -0.970827f, 0.185391f, 0.637759f,
	-0.782833f, 0.003804f, -0.622220f, 0.493060f
	},
	{
	-0.624711f, 0.204361f, -0.753640f, 0.237596f,
	0.176379f, -0.903272f, -0.391141f, 0.767100f,
	-0.760676f, -0.377276f, 0.528238f, 0.201301f
	},
	{
	-0.534209f, 0.382946f, -0.753640f, 0.359739f,
	-0.103727f, -0.914467f, -0.391141f, 0.732614f,
	-0.838965f, -0.130779f, 0.528238f, 0.350029f
	},
	{
	-0.416512f, 0.508472f, -0.753640f, 0.456153f,
	-0.337514f, -0.856208f, -0.391141f, 0.751335f,
	-0.844157f, 0.091449f, 0.528238f, 0.501445f
	},
	{
	-0.416512f, 0.508472f, -0.753640f, 0.456153f,
	-0.337514f, -0.856208f, -0.391141f, 0.751335f,
	-0.844157f, 0.091449f, 0.528238f, 0.501445f
	},
	{
	-0.000970f, 0.114961f, -0.993370f, -0.126384f,
	0.843003f, 0.534435f, 0.061026f, 0.445657f,
	0.537907f, -0.837355f, -0.097431f, 0.077634f
	},
	{
	-0.099316f, 0.057908f, -0.993370f, -0.126125f,
	-0.028644f, 0.997725f, 0.061026f, 0.219975f,
	0.994644f, 0.034515f, -0.097431f, -0.066371f
	},
	{
	-0.035844f, 0.095858f, -0.994749f, -0.106109f,
	0.639413f, 0.767178f, 0.050888f, 0.225748f,
	0.768028f, -0.634232f, -0.088791f, -0.266827f
	},
	{
	-0.000566f, -0.136543f, -0.990634f, 0.126288f,
	0.780542f, 0.619188f, -0.085791f, 0.445657f,
	0.625102f, -0.773280f, 0.106227f, 0.077609f
	},
	{
	0.081826f, -0.109310f, -0.990634f, 0.126439f,
	0.249805f, 0.964488f, -0.085791f, 0.236696f,
	0.964832f, -0.240446f, 0.106227f, -0.089738f
	},
	{
	0.013093f, -0.141385f, -0.989868f, 0.109948f,
	0.803548f, 0.590655f, -0.073736f, 0.186351f,
	0.595095f, -0.794441f, 0.121343f, -0.284186f
	},
	{
	0.000009f, 0.000095f, -1.000000f, -0.000033f,
	-0.995126f, 0.098608f, 0.000000f, 0.818881f,
	0.098608f, 0.995126f, 0.000096f, 0.239923f
	},
	{
	-0.000075f, 0.000060f, -1.000000f, -0.000049f,
	-0.623961f, -0.781456f, 0.000000f, 0.406080f,
	-0.781456f, 0.623961f, 0.000096f, 0.021056f
	},
	{
	-0.000037f, 0.000088f, -1.000000f, -0.000034f,
	-0.920710f, -0.390247f, 0.000000f, 0.533707f,
	-0.390247f, 0.920710f, 0.000096f, 0.180898f
	},
	{
	0.567217f, 0.184869f, -0.802551f, -0.237661f,
	0.674993f, -0.662675f, 0.324415f, 0.731002f,
	-0.471857f, -0.725730f, -0.500666f, 0.231875f
	},
	{
	0.571189f, 0.172208f, -0.802551f, -0.348563f,
	0.660088f, -0.677524f, 0.324415f, 0.599027f,
	-0.487881f, -0.715056f, -0.500666f, 0.324132f
	},
	{
	0.709431f, -0.093260f, -0.698577f, -0.451651f,
	0.244019f, -0.897395f, 0.367612f, 0.479895f,
	-0.661183f, -0.431261f, -0.613882f, 0.412185f
	},
	{
	0.709431f, -0.093259f, -0.698578f, -0.451651f,
	0.244019f, -0.897394f, 0.367612f, 0.479895f,
	-0.661183f, -0.431262f, -0.613882f, 0.412185f
	},
	{
	-0.650890f, 0.020560f, -0.758893f, 0.237604f,
	0.515853f, -0.721434f, -0.461984f, 0.733771f,
	-0.556990f, -0.692178f, 0.458968f, 0.233003f
	},
	{
	-0.619089f, 0.202012f, -0.758893f, 0.364866f,
	0.293184f, -0.837027f, -0.461984f, 0.632912f,
	-0.728541f, -0.508504f, 0.458968f, 0.341906f
	},
	{
	-0.545515f, 0.355660f, -0.758893f, 0.476599f,
	0.066069f, -0.884424f, -0.461984f, 0.579998f,
	-0.835493f, -0.302158f, 0.458968f, 0.473393f
	},
	{
	-0.545515f, 0.355660f, -0.758893f, 0.476599f,
	0.066069f, -0.884424f, -0.461984f, 0.579998f,
	-0.835493f, -0.302158f, 0.458968f, 0.473393f
	},
	{
	0.008603f, 0.111299f, -0.993750f, -0.126383f,
	0.755001f, 0.650894f, 0.079436f, 0.449284f,
	0.655667f, -0.750966f, -0.078431f, 0.036611f
	},
	{
	-0.095674f, 0.057515f, -0.993750f, -0.128687f,
	-0.244073f, 0.966498f, 0.079436f, 0.247161f,
	0.965026f, 0.250147f, -0.078431f, -0.138919f
	},
	{
	-0.033867f, 0.093088f, -0.995082f, -0.109405f,
	0.453385f, 0.888739f, 0.067709f, 0.296351f,
	0.890671f, -0.448862f, -0.072304f, -0.333406f
	},
	{
	-0.011146f, -0.132926f, -0.991063f, 0.126289f,
	0.675131f, 0.730112f, -0.105520f, 0.449284f,
	0.737613f, -0.670274f, 0.081605f, 0.036587f
	},
	{
	0.071823f, -0.112406f, -0.991063f, 0.129273f,
	0.093399f, 0.990021f, -0.105520f, 0.268543f,
	0.993035f, -0.084985f, 0.081605f, -0.160881f
	},
	{
	0.003708f, -0.137377f, -0.990512f, 0.114798f,
	0.696659f, 0.710951f, -0.095996f, 0.249720f,
	0.717393f, -0.689693f, 0.098341f, -0.361013f
	},
	{
	-0.000019f, 0.000094f, -1.000000f, -0.000024f,
	-0.979881f, -0.199584f, 0.000000f, 0.774653f,
	-0.199584f, 0.979880f, 0.000096f, 0.283024f
	},
	{
	-0.000088f, 0.000038f, -1.000000f, -0.000049f,
	-0.398288f, -0.917260f, 0.000000f, 0.415104f,
	-0.917260f, 0.398288f, 0.000096f, -0.021056f
	},
	{
	-0.000061f, 0.000074f, -1.000000f, -0.000031f,
	-0.772712f, -0.634757f, 0.000000f, 0.496571f,
	-0.634757f, 0.772712f, 0.000096f, 0.166564f
	},
	{
	0.601961f, 0.339800f, -0.722619f, -0.237653f,
	0.798152f, -0.283697f, 0.531478f, 0.671394f,
	-0.024409f, -0.896689f, -0.441986f, 0.271270f
	},
	{
	0.603513f, 0.337037f, -0.722619f, -0.355348f,
	0.796843f, -0.287353f, 0.531478f, 0.515339f,
	-0.028519f, -0.896568f, -0.441986f, 0.276043f
	},
	{
	0.796218f, 0.041599f, -0.603578f, -0.464270f,
	0.500684f, -0.605348f, 0.618764f, 0.371525f,
	-0.339635f, -0.794873f, -0.502817f, 0.281190f
	},
	{
	0.796218f, 0.041599f, -0.603578f, -0.464270f,
	0.500685f, -0.605348f, 0.618764f, 0.371525f,
	-0.339635f, -0.794873f, -0.502817f, 0.281190f
	},
	{
	-0.675903f, -0.164703f, -0.718351f, 0.237611f,
	0.715845f, -0.378528f, -0.586756f, 0.673718f,
	-0.175275f, -0.910818f, 0.373750f, 0.273134f
	},
	{
	-0.695502f, 0.015781f, -0.718351f, 0.369764f,
	0.593534f, -0.550849f, -0.586756f, 0.533756f,
	-0.404963f, -0.834456f, 0.373750f, 0.307404f
	},
	{
	-0.667658f, 0.195460f, -0.718351f, 0.495288f,
	0.430527f, -0.685831f, -0.586756f, 0.426635f,
	-0.607354f, -0.701022f, 0.373750f, 0.380491f
	},
	{
	-0.667658f, 0.195460f, -0.718351f, 0.495289f,
	0.430527f, -0.685831f, -0.586756f, 0.426635f,
	-0.607354f, -0.701022f, 0.373750f, 0.380491f
	},
	{
	0.019106f, 0.107720f, -0.993998f, -0.126382f,
	0.625127f, 0.774602f, 0.095959f, 0.452751f,
	0.780289f, -0.623209f, -0.052539f, 0.005240f
	},
	{
	-0.092624f, 0.058218f, -0.993998f, -0.131497f,
	-0.482601f, 0.870568f, 0.095959f, 0.285397f,
	0.870929f, 0.488592f, -0.052539f, -0.203652f
	},
	{
	-0.031032f, 0.092190f, -0.995258f, -0.112830f,
	0.211918f, 0.973706f, 0.083586f, 0.382659f,
	0.976795f, -0.208320f, -0.049753f, -0.379176f
	},
	{
	-0.020561f, -0.129781f, -0.991329f, 0.126290f,
	0.515550f, 0.848169f, -0.121732f, 0.452751f,
	0.856613f, -0.513583f, 0.049469f, 0.005216f
	},
	{
	0.063696f, -0.114929f, -0.991330f, 0.131794f,
	-0.115898f, 0.985774f, -0.121732f, 0.314732f,
	0.991217f, 0.122646f, 0.049469f, -0.224109f
	},
	{
	-0.004717f, -0.133527f, -0.991034f, 0.118957f,
	0.534269f, 0.837404f, -0.115371f, 0.338090f,
	0.845301f, -0.530023f, 0.067390f, -0.423875f
	},
	{
	-0.000050f, 0.000082f, -1.000000f, -0.000015f,
	-0.856024f, -0.516935f, 0.000000f, 0.698787f,
	-0.516935f, 0.856024f, 0.000096f, 0.332677f
	},
	{
	-0.000095f, 0.000011f, -1.000000f, -0.000049f,
	-0.112553f, -0.993646f, 0.000000f, 0.421120f,
	-0.993646f, 0.112553f, 0.000096f, -0.057152f
	},
	{
	-0.000081f, 0.000051f, -1.000000f, -0.000029f,
	-0.531086f, -0.847318f, 0.000000f, 0.444142f,
	-0.847318f, 0.531086f, 0.000096f, 0.146092f
	},
	{
	0.639084f, 0.470593f, -0.608370f, -0.237647f,
	0.636289f, 0.120883f, 0.761920f, 0.576662f,
	0.432096f, -0.874030f, -0.222179f, 0.300905f
	},
	{
	0.637188f, 0.473157f, -0.608370f, -0.362600f,
	0.635799f, 0.123439f, 0.761920f, 0.452255f,
	0.435604f, -0.872287f, -0.222179f, 0.216422f
	},
	{
	0.866260f, 0.150120f, -0.476506f, -0.477600f,
	0.497167f, -0.165131f, 0.851796f, 0.337506f,
	0.049185f, -0.974780f, -0.217681f, 0.137804f
	},
	{
	0.866260f, 0.150120f, -0.476507f, -0.477600f,
	0.497167f, -0.165131f, 0.851796f, 0.337506f,
	0.049186f, -0.974780f, -0.217681f, 0.137804f
	},
	{
	-0.699612f, -0.332439f, -0.632477f, 0.237618f,
	0.660230f, 0.037684f, -0.750117f, 0.578260f,
	0.273202f, -0.942372f, 0.193122f, 0.303408f
	},
	{
	-0.758681f, -0.156126f, -0.632477f, 0.374406f,
	0.650187f, -0.120750f, -0.750117f, 0.449171f,
	0.040741f, -0.980328f, 0.193122f, 0.249992f
	},
	{
	-0.773237f, 0.045577f, -0.632477f, 0.511333f,
	0.596772f, -0.284934f, -0.750117f, 0.331826f,
	-0.214403f, -0.957463f, 0.193122f, 0.242639f
	},
	{
	-0.773237f, 0.045577f, -0.632477f, 0.511333f,
	0.596772f, -0.284934f, -0.750117f, 0.331826f,
	-0.214403f, -0.957463f, 0.193122f, 0.242639f
	},
	{
	0.030164f, 0.104021f, -0.994117f, -0.126381f,
	0.448384f, 0.887477f, 0.106468f, 0.449432f,
	0.893331f, -0.448958f, -0.019872f, -0.020993f
	},
	{
	-0.090311f, 0.059784f, -0.994118f, -0.134457f,
	-0.713594f, 0.692422f, 0.106468f, 0.329394f,
	0.694714f, 0.719012f, -0.019872f, -0.260148f
	},
	{
	-0.027669f, 0.092951f, -0.995286f, -0.116256f,
	-0.073012f, 0.992820f, 0.094751f, 0.473209f,
	0.996947f, 0.075289f, -0.020684f, -0.400158f
	},
	{
	-0.027956f, -0.127684f, -0.991421f, 0.126291f,
	0.291924f, 0.947529f, -0.130263f, 0.449432f,
	0.956033f, -0.293061f, 0.010785f, -0.021017f
	},
	{
	0.058446f, -0.116913f, -0.991421f, 0.133775f,
	-0.367998f, 0.920657f, -0.130263f, 0.371281f,
	0.927988f, 0.372454f, 0.010785f, -0.276958f
	},
	{
	-0.011277f, -0.130447f, -0.991391f, 0.121996f,
	0.306081f, 0.943413f, -0.127616f, 0.445445f,
	0.951938f, -0.304885f, 0.029288f, -0.463981f
	},
	{
	-0.000076f, 0.000058f, -1.000000f, -0.000008f,
	-0.603963f, -0.797012f, 0.000000f, 0.583125f,
	-0.797012f, 0.603963f, 0.000096f, 0.367832f
	},
	{
	-0.000094f, -0.000020f, -1.000000f, -0.000049f,
	0.208566f, -0.978008f, 0.000000f, 0.427136f,
	-0.978008f, -0.208566f, 0.000096f, -0.078208f
	},
	{
	-0.000094f, 0.000020f, -1.000000f, -0.000030f,
	-0.206333f, -0.978482f, 0.000000f, 0.384475f,
	-0.978482f, 0.206333f, 0.000096f, 0.121838f
	},
	{
	0.674237f, 0.572153f, -0.466954f, -0.237643f,
	0.221668f, 0.446346f, 0.866971f, 0.455491f,
	0.704463f, -0.688052f, 0.174115f, 0.312854f
	},
	{
	0.670694f, 0.576302f, -0.466954f, -0.369470f,
	0.218910f, 0.447706f, 0.866971f, 0.412150f,
	0.708695f, -0.683692f, 0.174115f, 0.175117f
	},
	{
	0.917576f, 0.229067f, -0.324936f, -0.490517f,
	0.248323f, 0.308047f, 0.918392f, 0.372641f,
	0.310469f, -0.923383f, 0.225773f, 0.047212f
	},
	{
	0.917575f, 0.229068f, -0.324937f, -0.490517f,
	0.248324f, 0.308047f, 0.918392f, 0.372641f,
	0.310469f, -0.923383f, 0.225773f, 0.047212f
	},
	{
	-0.726205f, -0.468978f, -0.502678f, 0.237621f,
	0.331615f, 0.401540f, -0.853696f, 0.456112f,
	0.602210f, -0.786654f, -0.136081f, 0.315751f
	},
	{
	-0.811603f, -0.297684f, -0.502678f, 0.379609f,
	0.411845f, 0.318727f, -0.853696f, 0.391274f,
	0.414349f, -0.899887f, -0.136081f, 0.198007f
	},
	{
	-0.860972f, -0.077736f, -0.502678f, 0.526087f,
	0.480245f, 0.201415f, -0.853696f, 0.316945f,
	0.167610f, -0.976416f, -0.136081f, 0.123225f
	},
	{
	-0.860972f, -0.077736f, -0.502678f, 0.526087f,
	0.480245f, 0.201415f, -0.853696f, 0.316945f,
	0.167610f, -0.976416f, -0.136081f, 0.123225f
	},
	{
	0.041399f, 0.100091f, -0.994117f, -0.126381f,
	0.227861f, 0.967804f, 0.106931f, 0.442515f,
	0.972813f, -0.230947f, 0.017259f, -0.034933f
	},
	{
	-0.088818f, 0.061995f, -0.994117f, -0.137464f,
	-0.895963f, 0.431064f, 0.106931f, 0.381514f,
	0.435158f, 0.900189f, 0.017259f, -0.295366f
	},
	{
	-0.024009f, 0.095135f, -0.995175f, -0.119564f,
	-0.373136f, 0.922670f, 0.097206f, 0.562082f,
	0.927466f, 0.373670f, 0.013345f, -0.383066f
	},
	{
	-0.032752f, -0.127580f, -0.991287f, 0.126291f,
	0.006055f, 0.991776f, -0.127842f, 0.442515f,
	0.999445f, -0.010190f, -0.031710f, -0.034957f
	},
	{
	0.057079f, -0.118706f, -0.991288f, 0.135059f,
	-0.633903f, 0.762774f, -0.127842f, 0.440894f,
	0.771304f, 0.635677f, -0.031710f, -0.302521f
	},
	{
	-0.015328f, -0.129100f, -0.991513f, 0.123556f,
	0.014100f, 0.991503f, -0.129317f, 0.568648f,
	0.999783f, -0.015963f, -0.013378f, -0.457966f
	},
	{
	-0.000093f, 0.000023f, -1.000000f, -0.000005f,
	-0.238273f, -0.971198f, 0.000000f, 0.438471f,
	-0.971198f, 0.238273f, 0.000096f, 0.377903f
	},
	{
	-0.000081f, -0.000051f, -1.000000f, -0.000049f,
	0.528990f, -0.848628f, 0.000000f, 0.430144f,
	-0.848628f, -0.528990f, 0.000096f, -0.072192f
	},
	{
	-0.000094f, -0.000016f, -1.000000f, -0.000032f,
	0.169670f, -0.985501f, 0.000000f, 0.321942f,
	-0.985501f, -0.169670f, 0.000096f, 0.101390f
	},
	{
	0.705826f, 0.636634f, -0.310655f, -0.237645f,
	-0.273441f, 0.649408f, 0.709577f, 0.317391f,
	0.653482f, -0.415893f, 0.632451f, 0.305130f
	},
	{
	0.702967f, 0.639790f, -0.310655f, -0.375648f,
	-0.276348f, 0.648176f, 0.709577f, 0.370854f,
	0.655339f, -0.412960f, 0.632451f, 0.177361f
	},
	{
	0.948395f, 0.272820f, -0.161609f, -0.502519f,
	-0.082025f, 0.703386f, 0.706060f, 0.420730f,
	0.306300f, -0.656367f, 0.689465f, 0.059086f
	},
	{
	0.948394f, 0.272820f, -0.161610f, -0.502519f,
	-0.082025f, 0.703386f, 0.706060f, 0.420730f,
	0.306301f, -0.656367f, 0.689465f, 0.059086f
	},
	{
	-0.750549f, -0.566234f, -0.340668f, 0.237620f,
	-0.140438f, 0.640429f, -0.755068f, 0.316881f,
	0.645719f, -0.518873f, -0.560194f, 0.308049f
	},
	{
	-0.850745f, -0.400223f, -0.340668f, 0.384367f,
	-0.006073f, 0.655618f, -0.755068f, 0.344339f,
	0.525544f, -0.640301f, -0.560194f, 0.181798f
	},
	{
	-0.925231f, -0.167010f, -0.340668f, 0.537910f,
	0.163400f, 0.634959f, -0.755068f, 0.345435f,
	0.342414f, -0.754278f, -0.560194f, 0.086948f
	},
	{
	-0.925231f, -0.167010f, -0.340668f, 0.537910f,
	0.163400f, 0.634959f, -0.755068f, 0.345435f,
	0.342414f, -0.754278f, -0.560194f, 0.086948f
	},
	{
	0.052440f, 0.095914f, -0.994007f, -0.126380f,
	-0.029667f, 0.995087f, 0.094453f, 0.429880f,
	0.998183f, 0.024536f, 0.055028f, -0.026265f
	},
	{
	-0.088226f, 0.064541f, -0.994007f, -0.140419f,
	-0.990412f, 0.100815f, 0.094453f, 0.437822f,
	0.106307f, 0.992810f, 0.055028f, -0.293491f
	},
	{
	-0.020321f, 0.098445f, -0.994935f, -0.122639f,
	-0.654285f, 0.751147f, 0.087687f, 0.637425f,
	0.755975f, 0.652753f, 0.049147f, -0.314916f
	},
	{
	-0.034322f, -0.130387f, -0.990869f, 0.126292f,
	-0.326748f, 0.938431f, -0.112169f, 0.429880f,
	0.944488f, 0.319915f, -0.074812f, -0.026290f
	},
	{
	0.060631f, -0.120426f, -0.990869f, 0.135480f,
	-0.866299f, 0.486769f, -0.112169f, 0.517354f,
	0.495832f, 0.865190f, -0.074812f, -0.279140f
	},
	{
	-0.016109f, -0.130486f, -0.991319f, 0.123261f,
	-0.325890f, 0.937993f, -0.118171f, 0.691944f,
	0.945270f, 0.321158f, -0.057634f, -0.379068f
	},
	{
	-0.000094f, -0.000018f, -1.000000f, -0.000007f,
	0.192017f, -0.981391f, 0.000000f, 0.277540f,
	-0.981391f, -0.192017f, 0.000096f, 0.359292f
	},
	{
	-0.000057f, -0.000077f, -1.000000f, -0.000049f,
	0.803322f, -0.595545f, 0.000000f, 0.433152f,
	-0.595545f, -0.803322f, 0.000096f, -0.042112f
	},
	{
	-0.000080f, -0.000052f, -1.000000f, -0.000037f,
	0.546257f, -0.837618f, 0.000000f, 0.268837f,
	-0.837618f, -0.546257f, 0.000096f, 0.079703f
	},
	{
	0.737624f, 0.658355f, -0.149935f, -0.237651f,
	-0.610106f, 0.744994f, 0.269729f, 0.183942f,
	0.289278f, -0.107482f, 0.951192f, 0.264968f
	},
	{
	0.736599f, 0.659501f, -0.149935f, -0.381872f,
	-0.611264f, 0.744045f, 0.269729f, 0.303230f,
	0.289445f, -0.107032f, 0.951192f, 0.208408f
	},
	{
	0.961013f, 0.276484f, 0.003232f, -0.514813f,
	-0.269753f, 0.934923f, 0.230547f, 0.413551f,
	0.060721f, -0.222430f, 0.973056f, 0.156169f
	},
	{
	0.961013f, 0.276484f, 0.003231f, -0.514813f,
	-0.269754f, 0.934923f, 0.230547f, 0.413551f,
	0.060722f, -0.222430f, 0.973056f, 0.156169f
	},
	{
	-0.771489f, -0.614553f, -0.164707f, 0.237613f,
	-0.523087f, 0.760028f, -0.385666f, 0.182299f,
	0.362194f, -0.211381f, -0.907818f, 0.267442f
	},
	{
	-0.876445f, -0.452455f, -0.164707f, 0.388455f,
	-0.364975f, 0.847381f, -0.385666f, 0.284573f,
	0.314066f, -0.277901f, -0.907818f, 0.196625f
	},
	{
	-0.963458f, -0.211235f, -0.164707f, 0.546636f,
	-0.134203f, 0.912826f, -0.385666f, 0.350444f,
	0.231815f, -0.349469f, -0.907818f, 0.139943f
	},
	{
	-0.963458f, -0.211235f, -0.164707f, 0.546636f,
	-0.134203f, 0.912826f, -0.385666f, 0.350444f,
	0.231815f, -0.349469f, -0.907818f, 0.139943f
	},
	{
	0.062942f, 0.091566f, -0.993808f, -0.126381f,
	-0.313335f, 0.947246f, 0.067431f, 0.416070f,
	0.947555f, 0.307150f, 0.088313f, 0.000520f
	},
	{
	-0.088554f, 0.067114f, -0.993808f, -0.143231f,
	-0.960737f, -0.269144f, 0.067431f, 0.499953f,
	-0.262952f, 0.960759f, 0.088313f, -0.253152f
	},
	{
	-0.016912f, 0.102526f, -0.994587f, -0.125384f,
	-0.877303f, 0.475657f, 0.063951f, 0.693576f,
	0.479638f, 0.873636f, 0.081902f, -0.200158f
	},
	{
	-0.033116f, -0.136696f, -0.990059f, 0.126291f,
	-0.662070f, 0.745082f, -0.080727f, 0.416070f,
	0.748710f, 0.652815f, -0.115176f, 0.000495f
	},
	{
	0.069137f, -0.122485f, -0.990059f, 0.135157f,
	-0.992451f, 0.092333f, -0.080727f, 0.593314f,
	0.101302f, 0.988166f, -0.115176f, -0.199943f
	},
	{
	-0.013865f, -0.135305f, -0.990707f, 0.121223f,
	-0.667767f, 0.738720f, -0.091545f, 0.793329f,
	0.744241f, 0.660292f, -0.100594f, -0.220359f
	},
	{
	-0.000076f, -0.000058f, -1.000000f, -0.000016f,
	0.609398f, -0.792864f, 0.000000f, 0.125884f,
	-0.792864f, -0.609398f, 0.000096f, 0.298905f
	},
	{
	-0.000023f, -0.000093f, -1.000000f, -0.000049f,
	0.971343f, -0.237682f, 0.000000f, 0.433152f,
	-0.237682f, -0.971343f, 0.000096f, 0.000000f
	},
	{
	-0.000051f, -0.000081f, -1.000000f, -0.000044f,
	0.845669f, -0.533707f, 0.000000f, 0.234470f,
	-0.533707f, -0.845669f, 0.000096f, 0.048617f
	},
	{
	0.767278f, 0.641255f, 0.008726f, -0.237663f,
	-0.608746f, 0.732526f, -0.304686f, 0.080091f,
	-0.201774f, 0.228467f, 0.952413f, 0.181638f
	},
	{
	0.767278f, 0.641255f, 0.008726f, -0.387682f,
	-0.608746f, 0.732526f, -0.304686f, 0.199112f,
	-0.201774f, 0.228467f, 0.952413f, 0.221089f
	},
	{
	0.955181f, 0.247118f, 0.162980f, -0.526160f,
	-0.181510f, 0.923844f, -0.336997f, 0.308979f,
	-0.233846f, 0.292311f, 0.927292f, 0.257505f
	},
	{
	0.955181f, 0.247119f, 0.162979f, -0.526160f,
	-0.181511f, 0.923844f, -0.336997f, 0.308979f,
	-0.233845f, 0.292311f, 0.927292f, 0.257505f
	},
	{
	-0.793533f, -0.608427f, 0.011046f, 0.237601f,
	-0.599714f, 0.784991f, 0.155344f, 0.077547f,
	-0.103187f, 0.116646f, -0.987799f, 0.183198f
	},
	{
	-0.894855f, -0.446220f, 0.011046f, 0.392753f,
	-0.439293f, 0.884810f, 0.155344f, 0.194803f,
	-0.079091f, 0.134158f, -0.987799f, 0.203373f
	},
	{
	-0.979546f, -0.200915f, 0.011046f, 0.554256f,
	-0.196807f, 0.968057f, 0.155344f, 0.274087f,
	-0.041904f, 0.149992f, -0.987799f, 0.217648f
	},
	{
	-0.979546f, -0.200915f, 0.011046f, 0.554256f,
	-0.196807f, 0.968057f, 0.155344f, 0.274087f,
	-0.041904f, 0.149992f, -0.987799f, 0.217648f
	},
	{
	0.072610f, 0.087056f, -0.993554f, -0.126382f,
	-0.591194f, 0.806063f, 0.027422f, 0.400888f,
	0.803254f, 0.585392f, 0.109995f, 0.032681f
	},
	{
	-0.089606f, 0.069437f, -0.993554f, -0.145820f,
	-0.784317f, -0.619754f, 0.027423f, 0.559158f,
	-0.613855f, 0.781718f, 0.109995f, -0.182360f
	},
	{
	-0.013963f, 0.106896f, -0.994172f, -0.127761f,
	-0.992494f, 0.119325f, 0.026769f, 0.717226f,
	0.121491f, 0.987084f, 0.104428f, -0.058646f
	},
	{
	-0.030291f, -0.145242f, -0.988932f, 0.126290f,
	-0.912990f, 0.406742f, -0.031772f, 0.400888f,
	0.406855f, 0.901923f, -0.144925f, 0.032657f
	},
	{
	0.080837f, -0.124411f, -0.988933f, 0.134400f,
	-0.934468f, -0.354627f, -0.031772f, 0.645306f,
	-0.346750f, 0.926694f, -0.144925f, -0.076263f
	},
	{
	-0.009613f, -0.142347f, -0.989770f, 0.118108f,
	-0.920163f, 0.388707f, -0.046966f, 0.833635f,
	0.391416f, 0.910299f, -0.134719f, -0.006381f
	},
	{
	-0.000040f, -0.000087f, -1.000000f, -0.000031f,
	0.908035f, -0.418894f, 0.000000f, 0.013161f,
	-0.418894f, -0.908035f, 0.000096f, 0.188286f
	},
	{
	0.000017f, -0.000094f, -1.000000f, -0.000049f,
	0.984998f, 0.172568f, 0.000000f, 0.436160f,
	0.172567f, -0.984998f, 0.000096f, 0.036096f
	},
	{
	-0.000011f, -0.000095f, -1.000000f, -0.000052f,
	0.992986f, -0.118229f, 0.000000f, 0.234685f,
	-0.118229f, -0.992986f, 0.000096f, 0.000799f
	},
	{
	0.791409f, 0.590987f, 0.156225f, -0.237679f,
	-0.274901f, 0.572350f, -0.772557f, 0.038118f,
	-0.545986f, 0.568463f, 0.615426f, 0.054518f
	},
	{
	0.789316f, 0.593780f, 0.156225f, -0.392415f,
	-0.276921f, 0.571375f, -0.772557f, 0.091867f,
	-0.547992f, 0.566530f, 0.615426f, 0.161269f
	},
	{
	0.931041f, 0.195008f, 0.308440f, -0.534871f,
	0.119503f, 0.635694f, -0.762635f, 0.141846f,
	-0.344793f, 0.746903f, 0.568553f, 0.260170f
	},
	{
	0.931041f, 0.195008f, 0.308440f, -0.534871f,
	0.119502f, 0.635694f, -0.762635f, 0.141846f,
	-0.344793f, 0.746903f, 0.568554f, 0.260170f
	},
	{
	-0.813011f, -0.555209f, 0.175372f, 0.237585f,
	-0.329165f, 0.686726f, 0.648119f, 0.035131f,
	-0.480274f, 0.469202f, -0.741071f, 0.054828f
	},
	{
	-0.904961f, -0.387674f, 0.175372f, 0.396545f,
	-0.190287f, 0.737382f, 0.648119f, 0.099490f,
	-0.380575f, 0.553151f, -0.741071f, 0.148731f
	},
	{
	-0.974173f, -0.142236f, 0.175372f, 0.559873f,
	0.005488f, 0.761519f, 0.648119f, 0.133833f,
	-0.225735f, 0.632343f, -0.741071f, 0.217417f
	},
	{
	-0.974173f, -0.142236f, 0.175372f, 0.559873f,
	0.005488f, 0.761519f, 0.648119f, 0.133833f,
	-0.225735f, 0.632343f, -0.741071f, 0.217417f
	},
	{
	0.081127f, 0.082134f, -0.993314f, -0.126383f,
	-0.821755f, 0.569489f, -0.020026f, 0.393490f,
	0.564037f, 0.817885f, 0.113695f, 0.053063f
	},
	{
	-0.090811f, 0.071281f, -0.993314f, -0.148102f,
	-0.472543f, -0.881080f, -0.020026f, 0.613483f,
	-0.876617f, 0.467565f, 0.113695f, -0.097936f
	},
	{
	-0.011316f, 0.110891f, -0.993768f, -0.129800f,
	-0.963261f, -0.267899f, -0.018925f, 0.708718f,
	-0.268328f, 0.957044f, 0.109848f, 0.078734f
	},
	{
	-0.026258f, -0.154051f, -0.987714f, 0.126289f,
	-0.999212f, -0.025365f, 0.030520f, 0.393490f,
	-0.029755f, 0.987737f, -0.153264f, 0.053039f
	},
	{
	0.093908f, -0.124910f, -0.987714f, 0.133318f,
	-0.667999f, -0.743536f, 0.030520f, 0.660991f,
	-0.738213f, 0.656926f, -0.153264f, 0.061005f
	},
	{
	-0.003709f, -0.149687f, -0.988726f, 0.114392f,
	-0.998307f, -0.056847f, 0.012351f, 0.795617f,
	-0.058055f, 0.987098f, -0.149223f, 0.209781f
	},
	{
	0.000006f, -0.000096f, -1.000000f, -0.000049f,
	0.997967f, 0.063734f, 0.000000f, -0.025176f,
	0.063733f, -0.997967f, 0.000096f, 0.031739f
	},
	{
	0.000055f, -0.000079f, -1.000000f, -0.000049f,
	0.821789f, 0.569792f, 0.000000f, 0.436160f,
	0.569792f, -0.821789f, 0.000096f, 0.066176f
	},
	{
	0.000032f, -0.000090f, -1.000000f, -0.000060f,
	0.941562f, 0.336840f, 0.000000f, 0.268068f,
	0.336840f, -0.941562f, 0.000096f, -0.050371f
	},
	{
	0.811075f, 0.512784f, 0.281443f, -0.237696f,
	0.190901f, 0.222755f, -0.956000f, 0.068177f,
	-0.552914f, 0.829116f, 0.082780f, -0.089912f
	},
	{
	0.807096f, 0.519024f, 0.281443f, -0.396277f,
	0.189177f, 0.224221f, -0.956000f, 0.030852f,
	-0.559293f, 0.824826f, 0.082780f, 0.018194f
	},
	{
	0.895107f, 0.119996f, 0.429401f, -0.541942f,
	0.416000f, 0.121706f, -0.901183f, -0.003290f,
	-0.160399f, 0.985286f, 0.059022f, 0.119135f
	},
	{
	0.895107f, 0.119996f, 0.429400f, -0.541942f,
	0.415999f, 0.121707f, -0.901184f, -0.003290f,
	-0.160400f, 0.985286f, 0.059022f, 0.119135f
	},
	{
	-0.828322f, -0.465132f, 0.312306f, 0.237568f,
	0.118843f, 0.398876f, 0.909271f, 0.065345f,
	-0.547503f, 0.790285f, -0.275120f, -0.090970f
	},
	{
	-0.906050f, -0.285548f, 0.312306f, 0.399522f,
	0.198048f, 0.366064f, 0.909271f, 0.042109f,
	-0.373965f, 0.885697f, -0.275120f, 0.016077f
	},
	{
	-0.948972f, -0.043786f, 0.312306f, 0.563046f,
	0.285256f, 0.303076f, 0.909271f, 0.006365f,
	-0.134466f, 0.951960f, -0.275120f, 0.083570f
	},
	{
	-0.948972f, -0.043786f, 0.312306f, 0.563046f,
	0.285256f, 0.303076f, 0.909271f, 0.006365f,
	-0.134466f, 0.951960f, -0.275120f, 0.083570f
	},
	{
	0.088120f, 0.076614f, -0.993159f, -0.126385f,
	-0.967169f, 0.245169f, -0.066901f, 0.390313f,
	0.238367f, 0.966448f, 0.095703f, 0.063683f
	},
	{
	-0.091554f, 0.072476f, -0.993159f, -0.149976f,
	-0.062565f, -0.995796f, -0.066901f, 0.649236f,
	-0.993833f, 0.056012f, 0.095703f, -0.000131f
	},
	{
	-0.008804f, 0.113849f, -0.993459f, -0.131525f,
	-0.774463f, -0.629245f, -0.065247f, 0.661845f,
	-0.632558f, 0.768823f, 0.093711f, 0.200162f
	},
	{
	-0.021673f, -0.161215f, -0.986681f, 0.126287f,
	-0.879204f, -0.466760f, 0.095577f, 0.390313f,
	-0.475951f, 0.869566f, -0.131625f, 0.063658f
	},
	{
	0.106289f, -0.123137f, -0.986681f, 0.132089f,
	-0.233727f, -0.967593f, 0.095577f, 0.625687f,
	-0.966475f, 0.220455f, -0.131625f, 0.191076f
	},
	{
	0.003207f, -0.155483f, -0.987833f, 0.110668f,
	-0.858940f, -0.506270f, 0.076897f, 0.672791f,
	-0.512066f, 0.848243f, -0.135174f, 0.385856f
	},
	{
	0.000052f, -0.000080f, -1.000000f, -0.000068f,
	0.839142f, 0.543912f, 0.000000f, 0.021665f,
	0.543912f, -0.839142f, 0.000096f, -0.138521f
	},
	{
	0.000083f, -0.000047f, -1.000000f, -0.000049f,
	0.495648f, 0.868523f, 0.000000f, 0.442176f,
	0.868523f, -0.495648f, 0.000096f, 0.087232f
	},
	{
	0.000070f, -0.000066f, -1.000000f, -0.000066f,
	0.685005f, 0.728538f, 0.000000f, 0.340794f,
	0.728538f, -0.685005f, 0.000096f, -0.090419f
	},
	{
	0.829347f, 0.410862f, 0.378651f, -0.237710f,
	0.507335f, -0.269829f, -0.818415f, 0.180826f,
	-0.234085f, 0.870853f, -0.432226f, -0.216618f
	},
	{
	0.828148f, 0.413272f, 0.378651f, -0.399864f,
	0.508117f, -0.268353f, -0.818415f, 0.081632f,
	-0.236616f, 0.870168f, -0.432226f, -0.170850f
	},
	{
	0.853403f, 0.015473f, 0.521023f, -0.549328f,
	0.468652f, -0.460351f, -0.753951f, -0.010073f,
	0.228188f, 0.887602f, -0.400115f, -0.128145f
	},
	{
	0.853403f, 0.015473f, 0.521023f, -0.549328f,
	0.468652f, -0.460350f, -0.753952f, -0.010073f,
	0.228187f, 0.887602f, -0.400116f, -0.128145f
	},
	{
	-0.842872f, -0.346037f, 0.412098f, 0.237554f,
	0.462322f, -0.073788f, 0.883637f, 0.178766f,
	-0.275363f, 0.935315f, 0.222174f, -0.218855f
	},
	{
	-0.899402f, -0.145776f, 0.412098f, 0.402352f,
	0.433524f, -0.176759f, 0.883637f, 0.088373f,
	-0.055971f, 0.973399f, 0.222174f, -0.165016f
	},
	{
	-0.906776f, 0.089061f, 0.412098f, 0.564677f,
	0.373910f, -0.281740f, 0.883637f, 0.010130f,
	0.194803f, 0.955348f, 0.222174f, -0.154914f
	},
	{
	-0.906776f, 0.089061f, 0.412098f, 0.564677f,
	0.373910f, -0.281740f, 0.883637f, 0.010130f,
	0.194803f, 0.955348f, 0.222174f, -0.154914f
	},
	{
	0.093196f, 0.070370f, -0.993158f, -0.126387f,
	-0.986096f, -0.131318f, -0.101838f, 0.401894f,
	-0.137585f, 0.988839f, 0.057153f, 0.065209f
	},
	{
	-0.091388f, 0.072703f, -0.993158f, -0.151337f,
	0.373078f, -0.922194f, -0.101838f, 0.665883f,
	-0.923288f, -0.379832f, 0.057153f, 0.102042f
	},
	{
	-0.006531f, 0.115123f, -0.993330f, -0.132919f,
	-0.440266f, -0.892224f, -0.100510f, 0.590695f,
	-0.897844f, 0.436673f, 0.056512f, 0.288118f
	},
	{
	-0.017426f, -0.164946f, -0.986149f, 0.126285f,
	-0.568687f, -0.809590f, 0.145463f, 0.401894f,
	-0.822369f, 0.563345f, -0.079695f, 0.065185f
	},
	{
	0.115759f, -0.118788f, -0.986149f, 0.130950f,
	0.259486f, -0.954729f, 0.145463f, 0.554138f,
	-0.958784f, -0.272730f, -0.079695f, 0.285343f
	},
	{
	0.010158f, -0.158049f, -0.987379f, 0.107620f,
	-0.521268f, -0.843487f, 0.129654f, 0.501843f,
	-0.853333f, 0.513372f, -0.090954f, 0.478572f
	},
	{
	0.000085f, -0.000044f, -1.000000f, -0.000084f,
	0.458748f, 0.888566f, 0.000000f, 0.161531f,
