#include "game/component/Animator.h"
#include "game/resource/animation.h"

// 17 bones
AnimationMatrix const mario_animation_running[] = { // 71 frames
	{
	0.000013f, 0.000095f, -1.000000f, -0.000049f,
	-0.990967f, 0.134106f, 0.000000f, 0.577536f,
	0.134106f, 0.990967f, 0.000096f, 0.000000f
	},
	{
	0.000014f, 0.470635f, -0.882328f, -0.000051f,
	-0.988993f, 0.130559f, 0.069624f, 0.780232f,
	0.147963f, 0.872615f, 0.465456f, -0.027430f
	},
	{
	0.867793f, -0.417259f, -0.269873f, -0.223880f,
	-0.287719f, -0.864688f, 0.411743f, 0.992168f,
	-0.405160f, -0.279660f, -0.870422f, 0.027109f
	},
	{
	0.307313f, -0.912539f, -0.269873f, -0.393551f,
	-0.819858f, -0.397870f, 0.411743f, 1.048422f,
	-0.483106f, 0.094724f, -0.870423f, 0.106326f
	},
	{
	-0.151856f, -0.491301f, -0.857649f, -0.449015f,
	-0.860608f, -0.361021f, 0.359190f, 1.196390f,
	-0.486100f, 0.792645f, -0.367994f, 0.193517f
	},
	{
	-0.151857f, -0.491302f, -0.857649f, -0.449015f,
	-0.860607f, -0.361022f, 0.359191f, 1.196390f,
	-0.486101f, 0.792645f, -0.367994f, 0.193517f
	},
	{
	-0.678814f, -0.419455f, -0.602718f, 0.195458f,
	0.182190f, 0.698924f, -0.691601f, 0.962052f,
	0.711349f, -0.579278f, -0.398019f, -0.194551f
	},
	{
	-0.785867f, 0.138367f, -0.602717f, 0.328180f,
	0.600965f, 0.400660f, -0.691601f, 0.926431f,
	0.145789f, -0.905719f, -0.398019f, -0.333634f
	},
	{
	-0.722878f, 0.337905f, -0.602717f, 0.470013f,
	0.684459f, 0.230657f, -0.691601f, 0.817968f,
	-0.094674f, -0.912479f, -0.398019f, -0.359946f
	},
	{
	-0.722878f, 0.337905f, -0.602718f, 0.470013f,
	0.684459f, 0.230657f, -0.691601f, 0.817968f,
	-0.094674f, -0.912479f, -0.398019f, -0.359946f
	},
	{
	0.000033f, -0.020030f, -0.999799f, -0.126388f,
	0.936938f, 0.349427f, -0.006969f, 0.613059f,
	0.349497f, -0.936749f, 0.018779f, -0.029078f
	},
	{
	0.019957f, -0.001716f, -0.999799f, -0.126397f,
	-0.266274f, 0.963872f, -0.006969f, 0.362230f,
	0.963691f, 0.266359f, 0.018779f, -0.122643f
	},
	{
	0.009353f, -0.017712f, -0.999799f, -0.130419f,
	0.666604f, 0.745379f, -0.006969f, 0.415894f,
	0.745353f, -0.666405f, 0.018779f, -0.316861f
	},
	{
	-0.000095f, -0.009983f, -0.999950f, 0.126284f,
	0.127452f, -0.991795f, 0.009889f, 0.613059f,
	-0.991845f, -0.127445f, 0.001367f, -0.029103f
	},
	{
	0.006182f, -0.007839f, -0.999950f, 0.126310f,
	0.720902f, -0.692966f, 0.009889f, 0.578939f,
	-0.693009f, -0.720928f, 0.001367f, 0.236426f
	},
	{
	-0.007309f, -0.006801f, -0.999950f, 0.125064f,
	-0.631909f, -0.774980f, 0.009889f, 0.433651f,
	-0.775008f, 0.631949f, 0.001367f, 0.376092f
	},
	{
	-0.017669f, -0.005278f, -0.999830f, -0.000055f,
	-0.993200f, 0.115180f, 0.016944f, 1.039047f,
	0.115071f, 0.993330f, -0.007278f, -0.066152f
	},
	{
	0.000013f, 0.000095f, -1.000000f, -0.000049f,
	-0.991137f, 0.132846f, 0.000000f, 0.574303f,
	0.132846f, 0.991137f, 0.000096f, 0.000000f
	},
	{
	-0.000011f, 0.463431f, -0.886133f, -0.000051f,
	-0.989308f, 0.129231f, 0.067598f, 0.777034f,
	0.145843f, 0.876659f, 0.458475f, -0.027173f
	},
	{
	0.871385f, -0.414116f, -0.263053f, -0.224563f,
	-0.284817f, -0.863590f, 0.416043f, 0.988591f,
	-0.399460f, -0.287612f, -0.870466f, 0.026013f
	},
	{
	0.310066f, -0.913599f, -0.263053f, -0.394936f,
	-0.817920f, -0.397385f, 0.416043f, 1.044279f,
	-0.484630f, 0.086156f, -0.870466f, 0.104115f
	},
	{
	-0.149014f, -0.498560f, -0.853951f, -0.450897f,
	-0.858386f, -0.363492f, 0.362004f, 1.191897f,
	-0.490885f, 0.786964f, -0.373792f, 0.191581f
	},
	{
	-0.149014f, -0.498560f, -0.853951f, -0.450897f,
	-0.858386f, -0.363492f, 0.362005f, 1.191897f,
	-0.490886f, 0.786963f, -0.373791f, 0.191581f
	},
	{
	-0.685127f, -0.416530f, -0.597581f, 0.196584f,
	0.179990f, 0.698132f, -0.692976f, 0.959440f,
	0.705835f, -0.582335f, -0.403338f, -0.192322f
	},
	{
	-0.788612f, 0.144872f, -0.597580f, 0.330540f,
	0.598857f, 0.401440f, -0.692976f, 0.924249f,
	0.139500f, -0.904355f, -0.403338f, -0.330327f
	},
	{
	-0.724275f, 0.343675f, -0.597757f, 0.472869f,
	0.682149f, 0.230801f, -0.693832f, 0.816167f,
	-0.100490f, -0.910285f, -0.401601f, -0.355504f
	},
	{
	-0.724274f, 0.343675f, -0.597758f, 0.472869f,
	0.682149f, 0.230801f, -0.693832f, 0.816167f,
	-0.100490f, -0.910285f, -0.401601f, -0.355504f
	},
	{
	0.001897f, -0.020200f, -0.999794f, -0.126388f,
	0.939120f, 0.343550f, -0.005159f, 0.609864f,
	0.343584f, -0.938917f, 0.019621f, -0.029033f
	},
	{
	0.020287f, 0.000221f, -0.999794f, -0.126895f,
	-0.264783f, 0.964294f, -0.005159f, 0.358450f,
	0.964095f, 0.264833f, 0.019621f, -0.121015f
	},
	{
	0.011074f, -0.017000f, -0.999794f, -0.130984f,
	0.671583f, 0.740912f, -0.005159f, 0.411813f,
	0.740847f, -0.671387f, 0.019621f, -0.315314f
	},
	{
	0.000290f, -0.009981f, -0.999950f, 0.126284f,
	0.136410f, -0.990603f, 0.009927f, 0.609864f,
	-0.990652f, -0.136406f, 0.001074f, -0.029057f
	},
	{
	0.006510f, -0.007571f, -0.999950f, 0.126207f,
	0.729753f, -0.683639f, 0.009927f, 0.573345f,
	-0.683680f, -0.729781f, 0.001074f, 0.236152f
	},
	{
	-0.007011f, -0.007110f, -0.999950f, 0.124895f,
	-0.621413f, -0.783421f, 0.009927f, 0.426273f,
	-0.783452f, 0.621451f, 0.001074f, 0.373938f
	},
	{
	-0.017814f, -0.012269f, -0.999766f, -0.000049f,
	-0.993544f, 0.112263f, 0.016325f, 1.035931f,
	0.112036f, 0.993603f, -0.014190f, -0.065339f
	},
	{
	0.000013f, 0.000095f, -1.000000f, -0.000049f,
	-0.991363f, 0.131149f, 0.000000f, 0.570749f,
	0.131149f, 0.991363f, 0.000096f, 0.000000f
	},
	{
	-0.000065f, 0.455948f, -0.890006f, -0.000051f,
	-0.989715f, 0.127286f, 0.065281f, 0.773526f,
	0.143050f, 0.880857f, 0.451251f, -0.026826f
	},
	{
	0.875049f, -0.410863f, -0.255893f, -0.225247f,
	-0.281249f, -0.861850f, 0.422035f, 0.984674f,
	-0.393940f, -0.297332f, -0.869716f, 0.025080f
	},
	{
	0.312599f, -0.914768f, -0.255893f, -0.396337f,
	-0.815210f, -0.396635f, 0.422035f, 1.039663f,
	-0.487561f, 0.076678f, -0.869716f, 0.102103f
	},
	{
	-0.146342f, -0.506571f, -0.849688f, -0.452755f,
	-0.855262f, -0.366836f, 0.366004f, 1.186792f,
	-0.497103f, 0.780268f, -0.379567f, 0.190098f
	},
	{
	-0.146342f, -0.506571f, -0.849688f, -0.452755f,
	-0.855261f, -0.366837f, 0.366004f, 1.186792f,
	-0.497104f, 0.780267f, -0.379567f, 0.190098f
	},
	{
	-0.691750f, -0.413798f, -0.591822f, 0.197741f,
	0.177369f, 0.697078f, -0.694710f, 0.956625f,
	0.700015f, -0.585537f, -0.408809f, -0.189813f
	},
	{
	-0.791713f, 0.151452f, -0.591821f, 0.332992f,
	0.596268f, 0.402296f, -0.694710f, 0.921946f,
	0.132872f, -0.902895f, -0.408809f, -0.326680f
	},
	{
	-0.726188f, 0.349087f, -0.592276f, 0.475881f,
	0.679174f, 0.230621f, -0.696805f, 0.814331f,
	-0.106654f, -0.908269f, -0.404565f, -0.350661f
	},
	{
	-0.726188f, 0.349087f, -0.592276f, 0.475881f,
	0.679174f, 0.230621f, -0.696805f, 0.814331f,
	-0.106654f, -0.908269f, -0.404565f, -0.350661f
	},
	{
	0.004246f, -0.021038f, -0.999770f, -0.126388f,
	0.941555f, 0.336844f, -0.003089f, 0.606359f,
	0.336832f, -0.941325f, 0.021239f, -0.028972f
	},
	{
	0.021300f, 0.002630f, -0.999770f, -0.127524f,
	-0.264093f, 0.964492f, -0.003089f, 0.354293f,
	0.964262f, 0.264098f, 0.021238f, -0.119146f
	},
	{
	0.013537f, -0.016655f, -0.999770f, -0.131817f,
	0.677156f, 0.735833f, -0.003089f, 0.407518f,
	0.735715f, -0.676958f, 0.021238f, -0.313480f
	},
	{
	0.000755f, -0.009973f, -0.999950f, 0.126284f,
	0.147126f, -0.989068f, 0.009975f, 0.606359f,
	-0.989117f, -0.147126f, 0.000720f, -0.028997f
	},
	{
	0.006905f, -0.007235f, -0.999950f, 0.126082f,
	0.740670f, -0.671795f, 0.009975f, 0.566972f,
	-0.671833f, -0.740702f, 0.000720f, 0.235802f
	},
	{
	-0.006637f, -0.007482f, -0.999950f, 0.124691f,
	-0.607981f, -0.793889f, 0.009975f, 0.417700f,
	-0.793924f, 0.608016f, 0.000720f, 0.371201f
	},
	{
	-0.018021f, -0.019032f, -0.999656f, -0.000034f,
	-0.993969f, 0.108506f, 0.015852f, 1.032530f,
	0.108167f, 0.993913f, -0.020873f, -0.064261f
	},
	{
	0.000012f, 0.000095f, -1.000000f, -0.000049f,
	-0.991637f, 0.129055f, 0.000000f, 0.566939f,
	0.129055f, 0.991637f, 0.000096f, 0.000000f
	},
	{
	-0.000142f, 0.448187f, -0.893940f, -0.000051f,
	-0.990202f, 0.124769f, 0.062712f, 0.769772f,
	0.139643f, 0.885190f, 0.443778f, -0.026397f
	},
	{
	0.878785f, -0.407465f, -0.248413f, -0.225933f,
	-0.277047f, -0.859447f, 0.429646f, 0.980483f,
	-0.388563f, -0.308745f, -0.868156f, 0.024289f
	},
	{
	0.315016f, -0.916000f, -0.248413f, -0.397753f,
	-0.811699f, -0.395663f, 0.429646f, 1.034651f,
	-0.491844f, 0.066291f, -0.868156f, 0.100261f
	},
	{
	-0.143733f, -0.515290f, -0.844877f, -0.454607f,
	-0.851240f, -0.371036f, 0.371110f, 1.181146f,
	-0.504708f, 0.772534f, -0.385306f, 0.189029f
	},
	{
	-0.143733f, -0.515290f, -0.844877f, -0.454607f,
	-0.851240f, -0.371036f, 0.371110f, 1.181146f,
	-0.504709f, 0.772534f, -0.385305f, 0.189029f
	},
	{
	-0.698665f, -0.411233f, -0.585452f, 0.198925f,
	0.174380f, 0.695742f, -0.696804f, 0.953657f,
	0.693872f, -0.588924f, -0.414380f, -0.187043f
	},
	{
	-0.795138f, 0.158116f, -0.585452f, 0.335528f,
	0.593222f, 0.403177f, -0.696803f, 0.919562f,
	0.125865f, -0.901359f, -0.414380f, -0.322709f
	},
	{
	-0.728575f, 0.354173f, -0.586294f, 0.479035f,
	0.675544f, 0.230058f, -0.700509f, 0.812497f,
	-0.113220f, -0.906441f, -0.406874f, -0.345425f
	},
	{
	-0.728575f, 0.354173f, -0.586294f, 0.479035f,
	0.675544f, 0.230058f, -0.700509f, 0.812497f,
	-0.113220f, -0.906441f, -0.406874f, -0.345425f
	},
	{
	0.006888f, -0.022102f, -0.999732f, -0.126388f,
	0.944512f, 0.328477f, -0.000754f, 0.602610f,
	0.328405f, -0.944253f, 0.023138f, -0.028897f
	},
	{
	0.022521f, 0.005363f, -0.999732f, -0.128232f,
	-0.263226f, 0.964734f, -0.000754f, 0.349753f,
	0.964471f, 0.263172f, 0.023138f, -0.116815f
	},
	{
	0.016363f, -0.016377f, -0.999732f, -0.132770f,
	0.684005f, 0.729477f, -0.000754f, 0.402803f,
	0.729294f, -0.683809f, 0.023138f, -0.311191f
	},
	{
	0.001336f, -0.009966f, -0.999949f, 0.126284f,
	0.160333f, -0.987012f, 0.010051f, 0.602610f,
	-0.987062f, -0.160338f, 0.000279f, -0.028921f
	},
	{
	0.007395f, -0.006813f, -0.999949f, 0.125927f,
	0.753945f, -0.656861f, 0.010051f, 0.559687f,
	-0.656896f, -0.753981f, 0.000279f, 0.235327f
	},
	{
	-0.006166f, -0.007943f, -0.999949f, 0.124436f,
	-0.591006f, -0.806604f, 0.010051f, 0.407740f,
	-0.806643f, 0.591038f, 0.000279f, 0.367715f
	},
	{
	-0.018275f, -0.025569f, -0.999506f, -0.000014f,
	-0.994458f, 0.103985f, 0.015522f, 1.028903f,
	0.103536f, 0.994250f, -0.027328f, -0.062941f
	},
	{
	0.000012f, 0.000095f, -1.000000f, -0.000049f,
	-0.991954f, 0.126602f, 0.000000f, 0.562938f,
	0.126602f, 0.991953f, 0.000096f, 0.000000f
	},
	{
	-0.000237f, 0.440152f, -0.897923f, -0.000051f,
	-0.990752f, 0.121730f, 0.059932f, 0.765836f,
	0.135683f, 0.889634f, 0.436053f, -0.025895f
	},
	{
	0.882593f, -0.403885f, -0.240636f, -0.226619f,
	-0.272241f, -0.856354f, 0.438798f, 0.976089f,
	-0.383294f, -0.321769f, -0.865765f, 0.023619f
	},
	{
	0.317424f, -0.917244f, -0.240636f, -0.399183f,
	-0.807352f, -0.394511f, 0.438798f, 1.029317f,
	-0.497419f, 0.054993f, -0.865766f, 0.098561f
	},
	{
	-0.141075f, -0.524674f, -0.839533f, -0.456472f,
	-0.846322f, -0.376068f, 0.377243f, 1.175028f,
	-0.513651f, 0.763734f, -0.390989f, 0.188335f
	},
	{
	-0.141075f, -0.524674f, -0.839533f, -0.456472f,
	-0.846321f, -0.376069f, 0.377244f, 1.175028f,
	-0.513652f, 0.763734f, -0.390988f, 0.188335f
	},
	{
	-0.705855f, -0.408809f, -0.578484f, 0.200133f,
	0.171075f, 0.694100f, -0.699256f, 0.950585f,
	0.687388f, -0.592537f, -0.419997f, -0.184029f
	},
	{
	-0.798857f, 0.164873f, -0.578484f, 0.338142f,
	0.589746f, 0.404032f, -0.699255f, 0.917137f,
	0.118438f, -0.899764f, -0.419997f, -0.318427f
	},
	{
	-0.731392f, 0.358969f, -0.579833f, 0.482319f,
	0.671274f, 0.229047f, -0.704932f, 0.810699f,
	-0.120240f, -0.904808f, -0.408490f, -0.339803f
	},
	{
	-0.731392f, 0.358969f, -0.579834f, 0.482319f,
	0.671274f, 0.229047f, -0.704932f, 0.810699f,
	-0.120240f, -0.904808f, -0.408490f, -0.339802f
	},
	{
	0.009610f, -0.022957f, -0.999690f, -0.126388f,
	0.948223f, 0.317601f, 0.001822f, 0.598681f,
	0.317461f, -0.947946f, 0.024820f, -0.028809f
	},
	{
	0.023483f, 0.008241f, -0.999690f, -0.128960f,
	-0.261198f, 0.965284f, 0.001822f, 0.344830f,
	0.965000f, 0.261074f, 0.024820f, -0.113797f
	},
	{
	0.019161f, -0.015882f, -0.999690f, -0.133693f,
	0.692783f, 0.721144f, 0.001822f, 0.397471f,
	0.720891f, -0.692604f, 0.024820f, -0.308279f
	},
	{
	0.002069f, -0.009966f, -0.999948f, 0.126284f,
	0.176755f, -0.984202f, 0.010175f, 0.598681f,
	-0.984253f, -0.176767f, -0.000275f, -0.028833f
	},
	{
	0.008008f, -0.006283f, -0.999948f, 0.125731f,
	0.769797f, -0.638208f, 0.010175f, 0.551361f,
	-0.638238f, -0.769839f, -0.000275f, 0.234663f
	},
	{
	-0.005573f, -0.008518f, -0.999948f, 0.124117f,
	-0.569829f, -0.821700f, 0.010175f, 0.396219f,
	-0.821744f, 0.569856f, -0.000275f, 0.363291f
	},
	{
	-0.018562f, -0.031883f, -0.999319f, 0.000011f,
	-0.994992f, 0.098773f, 0.015330f, 1.025111f,
	0.098217f, 0.994599f, -0.033557f, -0.061403f
	},
	{
	0.000012f, 0.000095f, -1.000000f, -0.000049f,
	-0.992303f, 0.123831f, 0.000000f, 0.558812f,
	0.123831f, 0.992303f, 0.000096f, 0.000000f
	},
	{
	-0.000344f, 0.431845f, -0.901948f, -0.000051f,
	-0.991352f, 0.118216f, 0.056979f, 0.761782f,
	0.131231f, 0.894167f, 0.428069f, -0.025329f
	},
	{
	0.886473f, -0.400087f, -0.232586f, -0.227304f,
	-0.266858f, -0.852537f, 0.449408f, 0.971559f,
	-0.378091f, -0.336321f, -0.862517f, 0.023050f
	},
	{
	0.319931f, -0.918449f, -0.232586f, -0.400627f,
	-0.802129f, -0.393219f, 0.449408f, 1.023735f,
	-0.504216f, 0.042785f, -0.862517f, 0.096974f
	},
	{
	-0.138258f, -0.534675f, -0.833671f, -0.458368f,
	-0.840501f, -0.381906f, 0.384326f, 1.168503f,
	-0.523873f, 0.753837f, -0.396593f, 0.187975f
	},
	{
	-0.138258f, -0.534675f, -0.833671f, -0.458368f,
	-0.840501f, -0.381906f, 0.384327f, 1.168503f,
	-0.523874f, 0.753837f, -0.396593f, 0.187975f
	},
	{
	-0.713301f, -0.406498f, -0.570930f, 0.201361f,
	0.167505f, 0.692131f, -0.702066f, 0.947461f,
	0.680546f, -0.596418f, -0.425607f, -0.180791f
	},
	{
	-0.802836f, 0.171734f, -0.570930f, 0.340826f,
	0.585860f, 0.404809f, -0.702066f, 0.914710f,
	0.110549f, -0.898130f, -0.425607f, -0.313851f
	},
	{
	-0.734593f, 0.363514f, -0.572914f, 0.485721f,
	0.666370f, 0.227524f, -0.710059f, 0.808974f,
	-0.127765f, -0.903377f, -0.409372f, -0.333803f
	},
	{
	-0.734593f, 0.363514f, -0.572914f, 0.485722f,
	0.666370f, 0.227524f, -0.710059f, 0.808974f,
	-0.127765f, -0.903377f, -0.409372f, -0.333803f
	},
	{
	0.012179f, -0.023175f, -0.999657f, -0.126388f,
	0.952870f, 0.303345f, 0.004577f, 0.594635f,
	0.303135f, -0.952599f, 0.025777f, -0.028709f
	},
	{
	0.023735f, 0.011047f, -0.999657f, -0.129648f,
	-0.257013f, 0.966397f, 0.004577f, 0.339541f,
	0.966117f, 0.256816f, 0.025777f, -0.109862f
	},
	{
	0.021525f, -0.014901f, -0.999657f, -0.134432f,
	0.704106f, 0.710081f, 0.004577f, 0.391338f,
	0.709769f, -0.703963f, 0.025777f, -0.304569f
	},
	{
	0.002989f, -0.009976f, -0.999946f, 0.126284f,
	0.197103f, -0.980328f, 0.010369f, 0.594635f,
	-0.980378f, -0.197123f, -0.000964f, -0.028733f
	},
	{
	0.008768f, -0.005619f, -0.999946f, 0.125484f,
	0.788351f, -0.615139f, 0.010369f, 0.541868f,
	-0.615163f, -0.788399f, -0.000964f, 0.233726f
	},
	{
	-0.004829f, -0.009227f, -0.999946f, 0.123717f,
	-0.543725f, -0.839199f, 0.010369f, 0.382987f,
	-0.839249f, 0.543745f, -0.000964f, 0.357703f
	},
	{
	-0.018869f, -0.037975f, -0.999100f, 0.000039f,
	-0.995554f, 0.092946f, 0.015270f, 1.021214f,
	0.092283f, 0.994947f, -0.039560f, -0.059671f
	},
	{
	0.000012f, 0.000095f, -1.000000f, -0.000049f,
	-0.992679f, 0.120780f, 0.000000f, 0.554626f,
	0.120780f, 0.992679f, 0.000096f, 0.000000f
	},
	{
	-0.000458f, 0.423268f, -0.906004f, -0.000051f,
	-0.991986f, 0.114279f, 0.053890f, 0.757673f,
	0.126347f, 0.898768f, 0.419824f, -0.024705f
	},
	{
	0.890424f, -0.396030f, -0.224288f, -0.227986f,
	-0.260925f, -0.847961f, 0.461390f, 0.966962f,
	-0.372912f, -0.352311f, -0.858379f, 0.022560f
	},
	{
	0.322646f, -0.919562f, -0.224288f, -0.402082f,
	-0.795986f, -0.391823f, 0.461390f, 1.017978f,
	-0.512158f, 0.029664f, -0.858379f, 0.095472f
	},
	{
	-0.135168f, -0.545246f, -0.827307f, -0.460313f,
	-0.833770f, -0.388516f, 0.392280f, 1.161637f,
	-0.535311f, 0.742807f, -0.402095f, 0.187907f
	},
	{
	-0.135168f, -0.545246f, -0.827307f, -0.460313f,
	-0.833769f, -0.388516f, 0.392280f, 1.161638f,
	-0.535311f, 0.742807f, -0.402094f, 0.187907f
	},
	{
	-0.720986f, -0.404270f, -0.562802f, 0.202606f,
	0.163719f, 0.689809f, -0.705237f, 0.944334f,
	0.673332f, -0.600607f, -0.431156f, -0.177347f
	},
	{
	-0.807042f, 0.178709f, -0.562802f, 0.343573f,
	0.581589f, 0.405457f, -0.705237f, 0.912324f,
	0.102160f, -0.896475f, -0.431156f, -0.308996f
	},
	{
	-0.738128f, 0.367848f, -0.565556f, 0.489228f,
	0.660842f, 0.225420f, -0.715872f, 0.807358f,
	-0.135845f, -0.902149f, -0.409479f, -0.327434f
	},
	{
	-0.738128f, 0.367848f, -0.565556f, 0.489228f,
	0.660842f, 0.225420f, -0.715872f, 0.807358f,
	-0.135845f, -0.902149f, -0.409479f, -0.327434f
	},
	{
	0.014342f, -0.022334f, -0.999648f, -0.126388f,
	0.958555f, 0.284812f, 0.007389f, 0.590537f,
	0.284547f, -0.958323f, 0.025493f, -0.028599f
	},
	{
	0.022842f, 0.013518f, -0.999648f, -0.130227f,
	-0.249671f, 0.968303f, 0.007389f, 0.333921f,
	0.968061f, 0.249414f, 0.025493f, -0.104775f
	},
	{
	0.023038f, -0.013180f, -0.999648f, -0.134831f,
	0.718517f, 0.695471f, 0.007389f, 0.384239f,
	0.695128f, -0.718433f, 0.025493f, -0.299874f
	},
	{
	0.004134f, -0.009993f, -0.999942f, 0.126284f,
	0.222053f, -0.974976f, 0.010662f, 0.590537f,
	-0.975026f, -0.222084f, -0.001811f, -0.028623f
	},
	{
	0.009695f, -0.004791f, -0.999942f, 0.125178f,
	0.809600f, -0.586885f, 0.010662f, 0.531091f,
	-0.586902f, -0.809656f, -0.001811f, 0.232403f
	},
	{
	-0.003902f, -0.010086f, -0.999942f, 0.123224f,
	-0.511906f, -0.858976f, 0.010662f, 0.367928f,
	-0.859033f, 0.511917f, -0.001811f, 0.350685f
	},
	{
	-0.019184f, -0.043847f, -0.998854f, 0.000069f,
	-0.996127f, 0.086580f, 0.015331f, 1.017271f,
	0.085808f, 0.995279f, -0.045338f, -0.057769f
	},
	{
	0.000011f, 0.000095f, -1.000000f, -0.000049f,
	-0.993074f, 0.117490f, 0.000000f, 0.550446f,
	0.117490f, 0.993074f, 0.000096f, 0.000000f
	},
	{
	-0.000574f, 0.414426f, -0.910083f, -0.000051f,
	-0.992641f, 0.109968f, 0.050702f, 0.753573f,
	0.121093f, 0.903415f, 0.411313f, -0.024032f
	},
	{
	0.894446f, -0.391677f, -0.215768f, -0.228666f,
	-0.254466f, -0.842585f, 0.474655f, 0.962367f,
	-0.367715f, -0.369647f, -0.853315f, 0.022130f
	},
	{
	0.325680f, -0.920530f, -0.215768f, -0.403548f,
	-0.788875f, -0.390358f, 0.474655f, 1.012120f,
	-0.521161f, 0.015629f, -0.853315f, 0.094026f
	},
	{
	-0.131691f, -0.556336f, -0.820456f, -0.462327f,
	-0.826117f, -0.395864f, 0.401027f, 1.154496f,
	-0.547894f, 0.730605f, -0.407466f, 0.188085f
	},
	{
	-0.131691f, -0.556336f, -0.820456f, -0.462327f,
	-0.826117f, -0.395864f, 0.401028f, 1.154496f,
	-0.547895f, 0.730604f, -0.407466f, 0.188085f
	},
	{
	-0.728890f, -0.402094f, -0.554112f, 0.203865f,
	0.159768f, 0.687112f, -0.708768f, 0.941256f,
	0.665728f, -0.605143f, -0.436587f, -0.173716f
	},
	{
	-0.811439f, 0.185810f, -0.554112f, 0.346378f,
	0.576952f, 0.405925f, -0.708768f, 0.910018f,
	0.093231f, -0.894818f, -0.436587f, -0.303879f
	},
	{
	-0.741947f, 0.372014f, -0.557781f, 0.492826f,
	0.654696f, 0.222668f, -0.722352f, 0.805889f,
	-0.144525f, -0.901124f, -0.408763f, -0.320706f
	},
	{
	-0.741947f, 0.372014f, -0.557781f, 0.492826f,
	0.654696f, 0.222668f, -0.722352f, 0.805889f,
	-0.144525f, -0.901124f, -0.408763f, -0.320706f
	},
	{
	0.015817f, -0.020849f, -0.999658f, -0.126388f,
	0.964940f, 0.262287f, 0.009798f, 0.586452f,
	0.261993f, -0.964765f, 0.024267f, -0.028479f
	},
	{
	0.021218f, 0.015319f, -0.999658f, -0.130622f,
	-0.239368f, 0.970880f, 0.009798f, 0.328126f,
	0.970697f, 0.239078f, 0.024267f, -0.098618f
	},
	{
	0.023644f, -0.011218f, -0.999658f, -0.134898f,
	0.735616f, 0.677328f, 0.009798f, 0.376367f,
	0.676986f, -0.735596f, 0.024267f, -0.294248f
	},
	{
	0.005473f, -0.010026f, -0.999935f, 0.126284f,
	0.250977f, -0.967930f, 0.011079f, 0.586452f,
	-0.967978f, -0.251021f, -0.002782f, -0.028504f
	},
	{
	0.010766f, -0.003818f, -0.999935f, 0.124819f,
	0.832652f, -0.553687f, 0.011079f, 0.519262f,
	-0.553693f, -0.832717f, -0.002782f, 0.230636f
	},
	{
	-0.002811f, -0.011072f, -0.999935f, 0.122649f,
	-0.474665f, -0.880097f, 0.011079f, 0.351453f,
	-0.880162f, 0.474666f, -0.002782f, 0.342225f
	},
	{
	-0.019493f, -0.049501f, -0.998584f, 0.000099f,
	-0.996695f, 0.079747f, 0.015503f, 1.013342f,
	0.078867f, 0.995585f, -0.050892f, -0.055721f
	},
	{
	0.000011f, 0.000095f, -1.000000f, -0.000049f,
	-0.993481f, 0.114000f, 0.000000f, 0.546336f,
	0.114000f, 0.993481f, 0.000096f, 0.000000f
	},
	{
	-0.000688f, 0.405320f, -0.914175f, -0.000051f,
	-0.993304f, 0.105336f, 0.047451f, 0.749547f,
	0.115528f, 0.908086f, 0.402533f, -0.023318f
	},
	{
	0.898537f, -0.386987f, -0.207056f, -0.229342f,
	-0.247504f, -0.836370f, 0.489108f, 0.957841f,
	-0.362454f, -0.388234f, -0.847291f, 0.021739f
	},
	{
	0.329145f, -0.921299f, -0.207056f, -0.405023f,
	-0.780747f, -0.388855f, 0.489108f, 1.006233f,
	-0.531129f, 0.000671f, -0.847291f, 0.092606f
	},
	{
	-0.127712f, -0.567892f, -0.813135f, -0.464428f,
	-0.817529f, -0.403909f, 0.410491f, 1.147142f,
	-0.561547f, 0.717186f, -0.412685f, 0.188464f
	},
	{
	-0.127712f, -0.567892f, -0.813135f, -0.464428f,
	-0.817529f, -0.403909f, 0.410492f, 1.147142f,
	-0.561548f, 0.717186f, -0.412684f, 0.188464f
	},
	{
	-0.736995f, -0.399937f, -0.544875f, 0.205135f,
	0.155699f, 0.684011f, -0.712661f, 0.938277f,
	0.657720f, -0.610064f, -0.441843f, -0.169919f
	},
	{
	-0.815992f, 0.193052f, -0.544875f, 0.349232f,
	0.571968f, 0.406160f, -0.712661f, 0.907834f,
	0.083725f, -0.893177f, -0.441843f, -0.298516f
	},
	{
	-0.745997f, 0.376055f, -0.549610f, 0.496502f,
	0.647934f, 0.219195f, -0.729476f, 0.804605f,
	-0.153851f, -0.900298f, -0.407178f, -0.313627f
	},
	{
	-0.745997f, 0.376055f, -0.549610f, 0.496502f,
	0.647934f, 0.219195f, -0.729476f, 0.804605f,
	-0.153851f, -0.900298f, -0.407178f, -0.313627f
	},
	{
	0.016454f, -0.019530f, -0.999674f, -0.126388f,
	0.971526f, 0.236659f, 0.011367f, 0.582442f,
	0.236360f, -0.971397f, 0.022867f, -0.028353f
	},
	{
	0.019693f, 0.016257f, -0.999674f, -0.130792f,
	-0.226902f, 0.973851f, 0.011367f, 0.322353f,
	0.973718f, 0.226604f, 0.022867f, -0.091629f
	},
	{
	0.023581f, -0.009800f, -0.999674f, -0.134761f,
	0.754568f, 0.656123f, 0.011367f, 0.368082f,
	0.655798f, -0.754590f, 0.022867f, -0.287868f
	},
	{
	0.006955f, -0.010075f, -0.999925f, 0.126284f,
	0.282734f, -0.959128f, 0.011630f, 0.582442f,
	-0.959173f, -0.282794f, -0.003822f, -0.028377f
	},
	{
	0.011934f, -0.002731f, -0.999925f, 0.124423f,
	0.856345f, -0.516273f, 0.011630f, 0.506751f,
	-0.516266f, -0.856420f, -0.003822f, 0.228405f
	},
	{
	-0.001589f, -0.012139f, -0.999925f, 0.122018f,
	-0.432818f, -0.901406f, 0.011630f, 0.334166f,
	-0.901480f, 0.432804f, -0.003822f, 0.332451f
	},
	{
	-0.019786f, -0.054939f, -0.998294f, 0.000129f,
	-0.997242f, 0.072525f, 0.015773f, 1.009489f,
	0.071535f, 0.995852f, -0.056223f, -0.053551f
	},
	{
	0.000011f, 0.000095f, -1.000000f, -0.000049f,
	-0.993893f, 0.110351f, 0.000000f, 0.542363f,
	0.110351f, 0.993893f, 0.000096f, 0.000000f
	},
	{
	-0.000796f, 0.395955f, -0.918270f, -0.000051f,
	-0.993962f, 0.100436f, 0.044170f, 0.745658f,
	0.109716f, 0.912761f, 0.393484f, -0.022571f
	},
	{
	0.902696f, -0.381922f, -0.198183f, -0.230011f,
	-0.240063f, -0.829274f, 0.504652f, 0.953452f,
	-0.357086f, -0.407971f, -0.840267f, 0.021365f
	},
	{
	0.333150f, -0.921811f, -0.198183f, -0.406506f,
	-0.771552f, -0.387342f, 0.504652f, 1.000389f,
	-0.541958f, -0.015217f, -0.840267f, 0.091183f
	},
	{
	-0.123115f, -0.579861f, -0.805359f, -0.466633f,
	-0.807992f, -0.412609f, 0.420597f, 1.139638f,
	-0.576187f, 0.702506f, -0.417725f, 0.188995f
	},
	{
	-0.123115f, -0.579861f, -0.805359f, -0.466633f,
	-0.807992f, -0.412610f, 0.420598f, 1.139639f,
	-0.576187f, 0.702505f, -0.417725f, 0.188995f
	},
	{
	-0.745282f, -0.397766f, -0.535104f, 0.206412f,
	0.151560f, 0.680481f, -0.716920f, 0.935449f,
	0.649295f, -0.615408f, -0.446865f, -0.165973f
	},
	{
	-0.820661f, 0.200448f, -0.535104f, 0.352130f,
	0.566655f, 0.406112f, -0.716920f, 0.905816f,
	0.073607f, -0.891568f, -0.446865f, -0.292924f
	},
	{
	-0.750223f, 0.380017f, -0.541066f, 0.500242f,
	0.640558f, 0.214932f, -0.737217f, 0.803546f,
	-0.163863f, -0.899662f, -0.404670f, -0.306208f
	},
	{
	-0.750223f, 0.380017f, -0.541067f, 0.500242f,
	0.640558f, 0.214932f, -0.737217f, 0.803546f,
	-0.163863f, -0.899662f, -0.404670f, -0.306208f
	},
	{
	0.016136f, -0.018795f, -0.999693f, -0.126388f,
	0.977986f, 0.208333f, 0.011869f, 0.578572f,
	0.208046f, -0.977877f, 0.021743f, -0.028220f
	},
	{
	0.018724f, 0.016217f, -0.999693f, -0.130707f,
	-0.212564f, 0.977075f, 0.011869f, 0.316754f,
	0.976968f, 0.212276f, 0.021742f, -0.083916f
	},
	{
	0.022938f, -0.009351f, -0.999693f, -0.134481f,
	0.774904f, 0.631967f, 0.011869f, 0.359593f,
	0.631662f, -0.774938f, 0.021742f, -0.280810f
	},
	{
	0.008552f, -0.010127f, -0.999912f, 0.126285f,
	0.316775f, -0.948421f, 0.012314f, 0.578572f,
	-0.948462f, -0.316853f, -0.004903f, -0.028244f
	},
	{
	0.013166f, -0.001534f, -0.999912f, 0.123995f,
	0.879922f, -0.474959f, 0.012314f, 0.493768f,
	-0.474936f, -0.880007f, -0.004903f, 0.225671f
	},
	{
	-0.000241f, -0.013253f, -0.999912f, 0.121342f,
	-0.386738f, -0.922107f, 0.012314f, 0.316432f,
	-0.922189f, 0.386707f, -0.004903f, 0.321387f
	},
	{
	-0.020051f, -0.060163f, -0.997987f, 0.000157f,
	-0.997756f, 0.064988f, 0.016129f, 1.005773f,
	0.063887f, 0.996070f, -0.061331f, -0.051284f
	},
	{
	0.000010f, 0.000095f, -1.000000f, -0.000049f,
	-0.994304f, 0.106581f, 0.000000f, 0.538591f,
	0.106581f, 0.994304f, 0.000096f, 0.000000f
	},
	{
	-0.000895f, 0.386333f, -0.922359f, -0.000051f,
	-0.994606f, 0.095321f, 0.040891f, 0.741970f,
	0.103717f, 0.917420f, 0.384164f, -0.021800f
	},
	{
	0.906919f, -0.376441f, -0.189182f, -0.230673f,
	-0.232165f, -0.821255f, 0.521190f, 0.949269f,
	-0.351563f, -0.428756f, -0.832209f, 0.020991f
	},
	{
	0.337807f, -0.922007f, -0.189182f, -0.407994f,
	-0.761239f, -0.385844f, 0.521190f, 0.994661f,
	-0.553535f, -0.032049f, -0.832209f, 0.089728f
	},
	{
	-0.117784f, -0.592187f, -0.797146f, -0.468962f,
	-0.797489f, -0.421919f, 0.431272f, 1.132049f,
	-0.591724f, 0.686512f, -0.422568f, 0.189630f
	},
	{
	-0.117784f, -0.592187f, -0.797146f, -0.468962f,
	-0.797489f, -0.421919f, 0.431272f, 1.132050f,
	-0.591725f, 0.686512f, -0.422567f, 0.189630f
	},
	{
	-0.753732f, -0.395546f, -0.524816f, 0.207693f,
	0.147395f, 0.676492f, -0.721549f, 0.932826f,
	0.640439f, -0.621209f, -0.451593f, -0.161901f
	},
	{
	-0.825409f, 0.208011f, -0.524816f, 0.355063f,
	0.561027f, 0.405729f, -0.721549f, 0.904008f,
	0.062843f, -0.890008f, -0.451593f, -0.287119f
	},
	{
	-0.754568f, 0.383947f, -0.532176f, 0.504033f,
	0.632568f, 0.209805f, -0.745546f, 0.802753f,
	-0.174597f, -0.899203f, -0.401184f, -0.298461f
	},
	{
	-0.754568f, 0.383947f, -0.532176f, 0.504033f,
	0.632568f, 0.209805f, -0.745547f, 0.802753f,
	-0.174597f, -0.899203f, -0.401185f, -0.298461f
	},
	{
	0.014683f, -0.018300f, -0.999725f, -0.126388f,
	0.984017f, 0.177725f, 0.011199f, 0.574907f,
	0.177471f, -0.983910f, 0.020617f, -0.028082f
	},
	{
	0.018014f, 0.015032f, -0.999725f, -0.130318f,
	-0.196642f, 0.980412f, 0.011199f, 0.311474f,
	0.980310f, 0.196386f, 0.020617f, -0.075593f
	},
	{
	0.021389f, -0.009642f, -0.999725f, -0.133949f,
	0.796155f, 0.604990f, 0.011199f, 0.351105f,
	0.604715f, -0.796175f, 0.020617f, -0.273161f
	},
	{
	0.010241f, -0.010171f, -0.999896f, 0.126285f,
	0.352541f, -0.935704f, 0.013129f, 0.574907f,
	-0.935740f, -0.352639f, -0.005997f, -0.028107f
	},
	{
	0.014432f, -0.000233f, -0.999896f, 0.123543f,
	0.902669f, -0.430135f, 0.013129f, 0.480528f,
	-0.430093f, -0.902765f, -0.005997f, 0.222402f
	},
	{
	0.001224f, -0.014382f, -0.999896f, 0.120634f,
	-0.336878f, -0.941457f, 0.013129f, 0.298607f,
	-0.941547f, 0.336827f, -0.005997f, 0.309081f
	},
	{
	-0.020281f, -0.065176f, -0.997668f, 0.000183f,
	-0.998225f, 0.057212f, 0.016554f, 1.002253f,
	0.055999f, 0.996232f, -0.066220f, -0.048943f
	},
	{
	0.000010f, 0.000095f, -1.000000f, -0.000049f,
	-0.994709f, 0.102731f, 0.000000f, 0.535086f,
	0.102731f, 0.994709f, 0.000096f, 0.000000f
	},
	{
	-0.000981f, 0.376459f, -0.926433f, -0.000051f,
	-0.995226f, 0.090047f, 0.037645f, 0.738547f,
	0.097594f, 0.922047f, 0.374573f, -0.021013f
	},
	{
	0.911204f, -0.370506f, -0.180088f, -0.231327f,
	-0.223830f, -0.812276f, 0.538617f, 0.945358f,
	-0.345843f, -0.450481f, -0.823080f, 0.020594f
	},
	{
	0.343224f, -0.921827f, -0.180088f, -0.409486f,
	-0.749761f, -0.384383f, 0.538617f, 0.989122f,
	-0.565735f, -0.049843f, -0.823080f, 0.088213f
	},
	{
	-0.111602f, -0.604811f, -0.788511f, -0.471431f,
	-0.786005f, -0.431789f, 0.442442f, 1.124438f,
	-0.608064f, 0.669151f, -0.427195f, 0.190317f
	},
	{
	-0.111603f, -0.604811f, -0.788511f, -0.471431f,
	-0.786004f, -0.431790f, 0.442443f, 1.124438f,
	-0.608065f, 0.669150f, -0.427195f, 0.190317f
	},
	{
	-0.762325f, -0.393241f, -0.514026f, 0.208976f,
	0.143249f, 0.672015f, -0.726550f, 0.930461f,
	0.631142f, -0.627501f, -0.455963f, -0.157721f
	},
	{
	-0.830196f, 0.215758f, -0.514026f, 0.358026f,
	0.555096f, 0.404960f, -0.726550f, 0.902453f,
	0.051401f, -0.888513f, -0.455963f, -0.281122f
	},
	{
	-0.758977f, 0.387892f, -0.522967f, 0.507860f,
	0.623960f, 0.203742f, -0.754429f, 0.802269f,
	-0.186087f, -0.898905f, -0.396664f, -0.290399f
	},
	{
	-0.758977f, 0.387892f, -0.522967f, 0.507860f,
	0.623960f, 0.203742f, -0.754429f, 0.802269f,
	-0.186087f, -0.898904f, -0.396664f, -0.290398f
	},
	{
	0.011974f, -0.017713f, -0.999771f, -0.126388f,
	0.989348f, 0.145275f, 0.009275f, 0.571511f,
	0.145077f, -0.989233f, 0.019264f, -0.027942f
	},
	{
	0.017288f, 0.012580f, -0.999771f, -0.129593f,
	-0.179434f, 0.983727f, 0.009275f, 0.306650f,
	0.983618f, 0.179233f, 0.019264f, -0.066780f
	},
	{
	0.018669f, -0.010421f, -0.999771f, -0.133077f,
	0.817856f, 0.575349f, 0.009275f, 0.342813f,
	0.575121f, -0.817842f, 0.019264f, -0.265015f
	},
	{
	0.011996f, -0.010202f, -0.999876f, 0.126285f,
	0.389471f, -0.920931f, 0.014069f, 0.571511f,
	-0.920960f, -0.389592f, -0.007074f, -0.027966f
	},
	{
	0.015705f, 0.001159f, -0.999876f, 0.123073f,
	0.923942f, -0.382275f, 0.014069f, 0.467245f,
	-0.382211f, -0.924048f, -0.007074f, 0.218586f
	},
	{
	0.002791f, -0.015498f, -0.999876f, 0.119908f,
	-0.283781f, -0.958786f, 0.014069f, 0.281037f,
	-0.958885f, 0.283707f, -0.007074f, 0.295616f
	},
	{
	-0.020464f, -0.069978f, -0.997339f, 0.000206f,
	-0.998640f, 0.049271f, 0.017034f, 0.998993f,
	0.047948f, 0.996331f, -0.070891f, -0.046553f
	},
	{
	0.000009f, 0.000095f, -1.000000f, -0.000049f,
	-0.995103f, 0.098840f, 0.000000f, 0.532075f,
	0.098840f, 0.995103f, 0.000096f, 0.000000f
	},
	{
	-0.001052f, 0.366336f, -0.930482f, -0.000051f,
	-0.995813f, 0.084670f, 0.034461f, 0.735618f,
	0.091408f, 0.926622f, 0.364713f, -0.020217f
	},
	{
	0.915546f, -0.364079f, -0.170942f, -0.231971f,
	-0.215079f, -0.802298f, 0.556829f, 0.941952f,
	-0.339876f, -0.473037f, -0.812847f, 0.020156f
	},
	{
	0.349510f, -0.921207f, -0.170942f, -0.410978f,
	-0.737070f, -0.382975f, 0.556829f, 0.984004f,
	-0.578421f, -0.068621f, -0.812847f, 0.086608f
	},
	{
	-0.104455f, -0.617669f, -0.779470f, -0.474058f,
	-0.773521f, -0.442167f, 0.454041f, 1.117030f,
	-0.625103f, 0.650364f, -0.431594f, 0.191002f
	},
	{
	-0.104455f, -0.617669f, -0.779470f, -0.474058f,
	-0.773521f, -0.442168f, 0.454041f, 1.117030f,
	-0.625104f, 0.650363f, -0.431593f, 0.191002f
	},
	{
	-0.771041f, -0.390814f, -0.502753f, 0.210257f,
	0.139162f, 0.667018f, -0.731929f, 0.928569f,
	0.621393f, -0.634312f, -0.459911f, -0.153454f
	},
	{
	-0.834983f, 0.223703f, -0.502753f, 0.361011f,
	0.548874f, 0.403753f, -0.731929f, 0.901360f,
	0.039253f, -0.887097f, -0.459911f, -0.274949f
	},
	{
	-0.763390f, 0.391899f, -0.513470f, 0.511709f,
	0.614727f, 0.196669f, -0.763827f, 0.802299f,
	-0.198360f, -0.898742f, -0.391046f, -0.282033f
	},
	{
	-0.763390f, 0.391899f, -0.513470f, 0.511709f,
	0.614727f, 0.196669f, -0.763827f, 0.802299f,
	-0.198360f, -0.898742f, -0.391046f, -0.282033f
	},
	{
	0.007964f, -0.017074f, -0.999822f, -0.126388f,
	0.993752f, 0.111448f, 0.006013f, 0.568609f,
	0.111325f, -0.993624f, 0.017855f, -0.027799f
	},
	{
	0.016652f, 0.008812f, -0.999822f, -0.128520f,
	-0.161247f, 0.986896f, 0.006013f, 0.302570f,
	0.986774f, 0.161118f, 0.017855f, -0.057602f
	},
	{
	0.014747f, -0.011724f, -0.999822f, -0.131876f,
	0.839548f, 0.543253f, 0.006013f, 0.335067f,
	0.543086f, -0.839487f, 0.017855f, -0.256472f
	},
	{
	0.013791f, -0.010213f, -0.999853f, 0.126285f,
	0.427010f, -0.904120f, 0.015125f, 0.568609f,
	-0.904142f, -0.427155f, -0.008108f, -0.027823f
	},
	{
	0.016958f, 0.002628f, -0.999853f, 0.122593f,
	0.943181f, -0.331934f, 0.015125f, 0.454294f,
	-0.331846f, -0.943299f, -0.008108f, 0.214227f
	},
	{
	0.004445f, -0.016575f, -0.999853f, 0.119175f,
	-0.228069f, -0.973527f, 0.015125f, 0.264209f,
	-0.973635f, 0.227968f, -0.008108f, 0.281105f
	},
	{
	-0.020595f, -0.074572f, -0.997003f, 0.000224f,
	-0.998995f, 0.041243f, 0.017551f, 0.996217f,
	0.039810f, 0.996362f, -0.075346f, -0.044138f
	},
	{
	0.000009f, 0.000095f, -1.000000f, -0.000049f,
	-0.995482f, 0.094950f, 0.000000f, 0.529973f,
	0.094950f, 0.995482f, 0.000096f, 0.000000f
	},
	{
	-0.001105f, 0.355968f, -0.934497f, -0.000051f,
	-0.996361f, 0.079248f, 0.031365f, 0.733593f,
	0.085222f, 0.931132f, 0.354585f, -0.019421f
	},
	{
	0.919940f, -0.357124f, -0.161783f, -0.232602f,
	-0.205934f, -0.791290f, 0.575719f, 0.939465f,
	-0.333620f, -0.496310f, -0.801482f, 0.019656f
	},
	{
	0.356770f, -0.920077f, -0.161783f, -0.412469f,
	-0.723122f, -0.381631f, 0.575719f, 0.979729f,
	-0.591447f, -0.088410f, -0.801483f, 0.084885f
	},
	{
	-0.096225f, -0.630697f, -0.770040f, -0.476858f,
	-0.760023f, -0.453000f, 0.466000f, 1.110238f,
	-0.642733f, 0.630089f, -0.435755f, 0.191630f
	},
	{
	-0.096225f, -0.630697f, -0.770040f, -0.476859f,
	-0.760023f, -0.453000f, 0.466001f, 1.110238f,
	-0.642734f, 0.630089f, -0.435754f, 0.191630f
	},
	{
	-0.779860f, -0.388229f, -0.491016f, 0.211534f,
	0.135176f, 0.661466f, -0.737693f, 0.927555f,
	0.611184f, -0.641671f, -0.463372f, -0.149122f
	},
	{
	-0.839728f, 0.231861f, -0.491016f, 0.364012f,
	0.542366f, 0.402056f, -0.737693f, 0.901126f,
	0.026373f, -0.885772f, -0.463372f, -0.268621f
	},
	{
	-0.767749f, 0.396017f, -0.503719f, 0.515567f,
	0.604860f, 0.188514f, -0.773697f, 0.803239f,
	-0.211440f, -0.898684f, -0.384266f, -0.273381f
	},
	{
	-0.767749f, 0.396017f, -0.503719f, 0.515567f,
	0.604860f, 0.188514f, -0.773697f, 0.803239f,
	-0.211440f, -0.898684f, -0.384266f, -0.273381f
	},
	{
	0.002644f, -0.016411f, -0.999862f, -0.126388f,
	0.997052f, 0.076722f, 0.001377f, 0.566615f,
	0.076689f, -0.996917f, 0.016566f, -0.027656f
	},
	{
	0.016201f, 0.003722f, -0.999862f, -0.127095f,
	-0.142393f, 0.989810f, 0.001377f, 0.299693f,
	0.989678f, 0.142351f, 0.016566f, -0.048186f
	},
	{
	0.009623f, -0.013554f, -0.999862f, -0.130360f,
	0.860543f, 0.509377f, 0.001377f, 0.328390f,
	0.509288f, -0.860437f, 0.016566f, -0.247642f
	},
	{
	0.015600f, -0.010203f, -0.999826f, 0.126285f,
	0.464617f, -0.885362f, 0.016284f, 0.566615f,
	-0.885374f, -0.464791f, -0.009071f, -0.027680f
	},
	{
	0.018171f, 0.004154f, -0.999826f, 0.122108f,
	0.959939f, -0.279737f, 0.016284f, 0.442232f,
	-0.279621f, -0.960068f, -0.009071f, 0.209345f
	},
	{
	0.006164f, -0.017591f, -0.999826f, 0.118446f,
	-0.170435f, -0.985235f, 0.016284f, 0.248769f,
	-0.985350f, 0.170305f, -0.009071f, 0.265699f
	},
	{
	-0.020665f, -0.078959f, -0.996664f, 0.000238f,
	-0.999285f, 0.033202f, 0.018089f, 0.994336f,
	0.031663f, 0.996325f, -0.079589f, -0.041723f
	},
	{
	0.000009f, 0.000095f, -1.000000f, -0.000049f,
	-0.995842f, 0.091099f, 0.000000f, 0.527818f,
	0.091099f, 0.995842f, 0.000096f, 0.000000f
	},
	{
	-0.001138f, 0.345359f, -0.938470f, -0.000051f,
	-0.996866f, 0.073840f, 0.028382f, 0.731511f,
	0.079099f, 0.935561f, 0.344193f, -0.018634f
	},
	{
	0.924377f, -0.349604f, -0.152658f, -0.233220f,
	-0.196414f, -0.779222f, 0.595177f, 0.936939f,
	-0.327030f, -0.520184f, -0.788962f, 0.019075f
	},
	{
	0.365105f, -0.918365f, -0.152658f, -0.413954f,
	-0.707879f, -0.380359f, 0.595177f, 0.975342f,
	-0.604654f, -0.109239f, -0.788962f, 0.083016f
	},
	{
	-0.086798f, -0.643825f, -0.760234f, -0.479848f,
	-0.745495f, -0.464227f, 0.478258f, 1.103100f,
	-0.660835f, 0.608263f, -0.439674f, 0.192144f
	},
	{
	-0.086798f, -0.643825f, -0.760234f, -0.479848f,
	-0.745494f, -0.464227f, 0.478259f, 1.103100f,
	-0.660836f, 0.608262f, -0.439673f, 0.192144f
	},
	{
	-0.788762f, -0.385449f, -0.478836f, 0.212804f,
	0.131327f, 0.655323f, -0.743845f, 0.926449f,
	0.600506f, -0.649601f, -0.466274f, -0.144746f
	},
	{
	-0.844392f, 0.240248f, -0.478836f, 0.367023f,
	0.535575f, 0.399818f, -0.743845f, 0.900772f,
	0.012740f, -0.884549f, -0.466274f, -0.262157f
	},
	{
	-0.771994f, 0.400292f, -0.493752f, 0.519419f,
	0.594345f, 0.179204f, -0.783990f, 0.804111f,
	-0.225343f, -0.898695f, -0.376256f, -0.264456f
	},
	{
	-0.771994f, 0.400292f, -0.493752f, 0.519419f,
	0.594345f, 0.179204f, -0.783990f, 0.804111f,
	-0.225343f, -0.898695f, -0.376256f, -0.264456f
	},
	{
	-0.003957f, -0.015752f, -0.999868f, -0.126388f,
	0.999125f, 0.041580f, -0.004609f, 0.564567f,
	0.041647f, -0.999011f, 0.015574f, -0.027514f
	},
	{
	0.016023f, -0.002655f, -0.999868f, -0.125328f,
	-0.123177f, 0.992374f, -0.004609f, 0.297089f,
	0.992255f, 0.123235f, 0.015574f, -0.038663f
	},
	{
	0.003330f, -0.015896f, -0.999868f, -0.128557f,
	0.880327f, 0.474345f, -0.004609f, 0.321914f,
	0.474356f, -0.880196f, 0.015574f, -0.238639f
	},
	{
	0.017396f, -0.010174f, -0.999797f, 0.126285f,
	0.501781f, -0.864817f, 0.017532f, 0.564567f,
	-0.864820f, -0.501984f, -0.009939f, -0.027538f
	},
	{
	0.019326f, 0.005714f, -0.999797f, 0.121627f,
	0.973884f, -0.226368f, 0.017532f, 0.430234f,
	-0.226222f, -0.974025f, -0.009939f, 0.203984f
	},
	{
	0.007922f, -0.018531f, -0.999797f, 0.117732f,
	-0.111629f, -0.993595f, 0.017532f, 0.233962f,
	-0.993718f, 0.111467f, -0.009939f, 0.249576f
	},
	{
	-0.020668f, -0.083142f, -0.996323f, 0.000247f,
	-0.999508f, 0.025226f, 0.018629f, 0.992387f,
	0.023584f, 0.996218f, -0.083623f, -0.039333f
	},
	{
	0.000008f, 0.000095f, -1.000000f, -0.000049f,
	-0.996179f, 0.087329f, 0.000000f, 0.525676f,
	0.087329f, 0.996179f, 0.000096f, 0.000000f
	},
	{
	-0.001152f, 0.334514f, -0.942390f, -0.000051f,
	-0.997324f, 0.068505f, 0.025535f, 0.729438f,
	0.073100f, 0.939898f, 0.333540f, -0.017862f
	},
	{
	0.928851f, -0.341485f, -0.143612f, -0.233823f,
	-0.186539f, -0.766070f, 0.615093f, 0.934442f,
	-0.320062f, -0.544540f, -0.775265f, 0.018393f
	},
	{
	0.374595f, -0.915999f, -0.143612f, -0.415432f,
	-0.691310f, -0.379144f, 0.615093f, 0.970915f,
	-0.617875f, -0.131130f, -0.775265f, 0.080972f
	},
	{
	-0.076079f, -0.656975f, -0.750064f, -0.483038f,
	-0.729922f, -0.475777f, 0.490765f, 1.095682f,
	-0.679283f, 0.584825f, -0.443344f, 0.192486f
	},
	{
	-0.076079f, -0.656975f, -0.750064f, -0.483038f,
	-0.729921f, -0.475778f, 0.490765f, 1.095682f,
	-0.679284f, 0.584824f, -0.443343f, 0.192486f
	},
	{
	-0.797726f, -0.382436f, -0.466236f, 0.214065f,
	0.127650f, 0.648551f, -0.750391f, 0.925306f,
	0.589354f, -0.658122f, -0.468548f, -0.140346f
	},
	{
	-0.848931f, 0.248880f, -0.466236f, 0.370036f,
	0.528501f, 0.396987f, -0.750391f, 0.900348f,
	-0.001667f, -0.883436f, -0.468548f, -0.255577f
	},
	{
	-0.776067f, 0.404770f, -0.483613f, 0.523251f,
	0.583165f, 0.168668f, -0.794650f, 0.804964f,
	-0.240080f, -0.898729f, -0.366945f, -0.255276f
	},
	{
	-0.776067f, 0.404770f, -0.483613f, 0.523251f,
	0.583165f, 0.168668f, -0.794651f, 0.804964f,
	-0.240080f, -0.898729f, -0.366945f, -0.255276f
	},
	{
	-0.011768f, -0.015127f, -0.999816f, -0.126387f,
	0.999909f, 0.006490f, -0.011867f, 0.562529f,
	0.006668f, -0.999865f, 0.015049f, -0.027375f
	},
	{
	0.016201f, -0.010239f, -0.999816f, -0.123237f,
	-0.103858f, 0.994522f, -0.011867f, 0.294841f,
	0.994460f, 0.104032f, 0.015049f, -0.029160f
	},
	{
	-0.004063f, -0.018730f, -0.999816f, -0.126502f,
	0.898617f, 0.438574f, -0.011867f, 0.315772f,
	0.438716f, -0.898500f, 0.015049f, -0.229579f
	},
	{
	0.019156f, -0.010132f, -0.999765f, 0.126285f,
	0.538022f, -0.842720f, 0.018849f, 0.562529f,
	-0.842713f, -0.538257f, -0.010692f, -0.027399f
	},
	{
	0.020411f, 0.007280f, -0.999765f, 0.121156f,
	0.984820f, -0.172551f, 0.018849f, 0.418494f,
	-0.172373f, -0.984974f, -0.010692f, 0.198205f
	},
	{
	0.009690f, -0.019383f, -0.999765f, 0.117043f,
