#include "component/Animator.h"
#include "resource/animation.h"

// 17 bones
AnimationMatrix const mario_animation0[] = { // 29 frames
	{
	-0.000001f, 0.000096f, -1.000000f, -0.000049f,
	-0.999881f, -0.015435f, 0.000000f, 0.511360f,
	-0.015435f, 0.999881f, 0.000096f, 0.000000f
	},
	{
	-0.000021f, 0.000093f, -1.000000f, -0.000049f,
	-0.974919f, -0.222561f, 0.000000f, 0.715879f,
	-0.222561f, 0.974919f, 0.000096f, 0.003157f
	},
	{
	0.894817f, 0.053477f, -0.443218f, -0.237679f,
	0.321097f, 0.612652f, 0.722187f, 0.919055f,
	0.310159f, -0.788541f, 0.531040f, 0.018709f
	},
	{
	0.275765f, -0.852943f, -0.443218f, -0.412634f,
	0.673524f, -0.157516f, 0.722186f, 0.856274f,
	-0.685797f, -0.497672f, 0.531040f, -0.041934f
	},
	{
	-0.053096f, -0.887617f, -0.457511f, -0.462404f,
	0.414845f, -0.436357f, 0.798433f, 0.734717f,
	-0.908341f, -0.147403f, 0.391392f, 0.081839f
	},
	{
	-0.053095f, -0.887617f, -0.457511f, -0.462404f,
	0.414846f, -0.436357f, 0.798433f, 0.734717f,
	-0.908341f, -0.147403f, 0.391393f, 0.081839f
	},
	{
	-0.879962f, -0.061499f, -0.471046f, 0.237585f,
	0.397915f, 0.446206f, -0.801601f, 0.921988f,
	0.259481f, -0.892815f, -0.368173f, 0.019333f
	},
	{
	-0.229132f, 0.851830f, -0.471046f, 0.409635f,
	0.514241f, -0.304946f, -0.801601f, 0.844188f,
	-0.826471f, -0.425904f, -0.368173f, -0.031401f
	},
	{
	0.000188f, 0.882109f, -0.471046f, 0.450989f,
	0.417287f, -0.428144f, -0.801601f, 0.751377f,
	-0.908774f, -0.196411f, -0.368173f, 0.117760f
	},
	{
	0.000188f, 0.882109f, -0.471046f, 0.450989f,
	0.417287f, -0.428144f, -0.801601f, 0.751377f,
	-0.908774f, -0.196411f, -0.368173f, 0.117760f
	},
	{
	0.465870f, 0.755669f, -0.460358f, -0.126387f,
	0.856266f, -0.516177f, 0.019224f, 0.550831f,
	-0.223099f, -0.403145f, -0.887525f, -0.023445f
	},
	{
	-0.313495f, 0.830537f, -0.460358f, -0.251106f,
	0.931830f, 0.362385f, 0.019224f, 0.321598f,
	0.182793f, -0.422948f, -0.887525f, 0.036281f
	},
	{
	0.836167f, 0.298155f, -0.460358f, -0.187926f,
	0.345172f, -0.938343f, 0.019224f, 0.133800f,
	-0.426241f, -0.174977f, -0.887525f, -0.000559f
	},
	{
	-0.411234f, -0.561489f, -0.718065f, 0.126285f,
	0.806698f, -0.590964f, 0.000109f, 0.550831f,
	-0.424411f, -0.579217f, 0.695976f, -0.023469f
	},
	{
	0.077278f, -0.691673f, -0.718065f, 0.236377f,
	0.993829f, 0.110924f, 0.000109f, 0.334868f,
	0.079575f, -0.713642f, 0.695976f, 0.090151f
	},
	{
	-0.638646f, -0.240522f, -0.730945f, 0.220803f,
	0.345413f, -0.938425f, 0.006998f, 0.134575f,
	-0.687620f, -0.248009f, 0.682400f, 0.074113f
	},
	{
	-0.000013f, 0.000095f, -1.000000f, -0.000043f,
	-0.990812f, -0.135246f, 0.000000f, 0.971012f,
	-0.135246f, 0.990812f, 0.000096f, 0.061401f
	},
	{
	-0.000002f, 0.000096f, -1.000000f, -0.000049f,
	-0.999857f, -0.016881f, 0.000000f, 0.510845f,
	-0.016881f, 0.999857f, 0.000096f, 0.000000f
	},
	{
	-0.000021f, 0.000093f, -1.000000f, -0.000048f,
	-0.974596f, -0.223971f, 0.000000f, 0.715360f,
	-0.223971f, 0.974596f, 0.000096f, 0.003453f
	},
	{
	0.892059f, 0.057040f, -0.448306f, -0.237679f,
	0.321826f, 0.616252f, 0.718792f, 0.918513f,
	0.317269f, -0.785481f, 0.531376f, 0.019298f
	},
	{
	0.276550f, -0.850025f, -0.448306f, -0.412094f,
	0.676824f, -0.158893f, 0.718792f, 0.855589f,
	-0.682223f, -0.502206f, 0.531376f, -0.042734f
	},
	{
	-0.053080f, -0.885151f, -0.462266f, -0.462006f,
	0.416421f, -0.440368f, 0.795405f, 0.733436f,
	-0.907621f, -0.150277f, 0.391971f, 0.080394f
	},
	{
	-0.053080f, -0.885151f, -0.462266f, -0.462006f,
	0.416422f, -0.440368f, 0.795405f, 0.733436f,
	-0.907620f, -0.150278f, 0.391971f, 0.080394f
	},
	{
	-0.878613f, -0.065317f, -0.473047f, 0.237585f,
	0.396908f, 0.450919f, -0.799460f, 0.921444f,
	0.265524f, -0.890172f, -0.370258f, 0.019926f
	},
	{
	-0.233531f, 0.849524f, -0.473047f, 0.409372f,
	0.518998f, -0.302498f, -0.799460f, 0.843841f,
	-0.822256f, -0.432209f, -0.370258f, -0.031989f
	},
	{
	0.001371f, 0.881037f, -0.473047f, 0.451519f,
	0.419584f, -0.429899f, -0.799460f, 0.750172f,
	-0.907715f, -0.197386f, -0.370258f, 0.116412f
	},
	{
	0.001371f, 0.881037f, -0.473047f, 0.451519f,
	0.419584f, -0.429899f, -0.799460f, 0.750172f,
	-0.907715f, -0.197386f, -0.370258f, 0.116412f
	},
	{
	0.469129f, 0.753523f, -0.460566f, -0.126387f,
	0.854302f, -0.519374f, 0.020449f, 0.550349f,
	-0.223797f, -0.403056f, -0.887390f, -0.023388f
	},
	{
	-0.317059f, 0.829068f, -0.460566f, -0.251979f,
	0.929991f, 0.367014f, 0.020449f, 0.321642f,
	0.185988f, -0.421838f, -0.887390f, 0.036525f
	},
	{
	0.836358f, 0.297819f, -0.460227f, -0.188080f,
	0.345045f, -0.938377f, 0.019805f, 0.134216f,
	-0.425969f, -0.175364f, -0.887580f, -0.000958f
	},
	{
	-0.413968f, -0.559171f, -0.718303f, 0.126285f,
	0.804213f, -0.594341f, -0.000808f, 0.550349f,
	-0.426465f, -0.578003f, 0.695730f, -0.023412f
	},
	{
	0.080986f, -0.691001f, -0.718303f, 0.237109f,
	0.993104f, 0.117232f, -0.000808f, 0.335052f,
	0.084767f, -0.713284f, 0.695730f, 0.090757f
	},
	{
	-0.638851f, -0.240341f, -0.730825f, 0.220788f,
	0.345283f, -0.938474f, 0.006799f, 0.134906f,
	-0.687495f, -0.247998f, 0.682531f, 0.073674f
	},
	{
	0.000044f, -0.006878f, -0.999976f, -0.000043f,
	-0.990883f, -0.134722f, 0.000883f, 0.970407f,
	-0.134725f, 0.990859f, -0.006821f, 0.062065f
	},
	{
	-0.000002f, 0.000096f, -1.000000f, -0.000049f,
	-0.999827f, -0.018600f, 0.000000f, 0.509300f,
	-0.018600f, 0.999827f, 0.000096f, 0.000000f
	},
	{
	-0.000022f, 0.000093f, -1.000000f, -0.000048f,
	-0.974209f, -0.225646f, 0.000000f, 0.713808f,
	-0.225646f, 0.974209f, 0.000096f, 0.003805f
	},
	{
	0.887224f, 0.063542f, -0.456941f, -0.237679f,
	0.322878f, 0.621936f, 0.713404f, 0.916934f,
	0.329519f, -0.780486f, 0.531280f, 0.019999f
	},
	{
	0.278299f, -0.844840f, -0.456941f, -0.411149f,
	0.681957f, -0.161209f, 0.713404f, 0.853805f,
	-0.676375f, -0.510154f, 0.531280f, -0.044429f
	},
	{
	-0.052558f, -0.880983f, -0.470219f, -0.461376f,
	0.418508f, -0.446956f, 0.790621f, 0.730725f,
	-0.906691f, -0.155237f, 0.392190f, 0.077644f
	},
	{
	-0.052558f, -0.880983f, -0.470219f, -0.461377f,
	0.418508f, -0.446956f, 0.790620f, 0.730725f,
	-0.906691f, -0.155237f, 0.392190f, 0.077644f
	},
	{
	-0.876278f, -0.072214f, -0.476364f, 0.237585f,
	0.395013f, 0.458422f, -0.796125f, 0.919864f,
	0.275867f, -0.885796f, -0.373179f, 0.020632f
	},
	{
	-0.240896f, 0.845604f, -0.476364f, 0.408915f,
	0.526365f, -0.298539f, -0.796125f, 0.842632f,
	-0.815420f, -0.442524f, -0.373179f, -0.033305f
	},
	{
	0.003765f, 0.879240f, -0.476364f, 0.452392f,
	0.422579f, -0.433143f, -0.796125f, 0.747633f,
	-0.906318f, -0.198304f, -0.373179f, 0.113862f
	},
	{
	0.003765f, 0.879240f, -0.476364f, 0.452392f,
	0.422579f, -0.433143f, -0.796125f, 0.747633f,
	-0.906318f, -0.198304f, -0.373179f, 0.113862f
	},
	{
	0.474865f, 0.749784f, -0.460790f, -0.126387f,
	0.850637f, -0.525297f, 0.021873f, 0.548844f,
	-0.225652f, -0.402352f, -0.887239f, -0.023320f
	},
	{
	-0.323096f, 0.826608f, -0.460790f, -0.253514f,
	0.926963f, 0.374514f, 0.021872f, 0.321119f,
	0.190652f, -0.420068f, -0.887239f, 0.037090f
	},
	{
	0.836843f, 0.297074f, -0.459827f, -0.188399f,
	0.344233f, -0.938671f, 0.020039f, 0.134302f,
	-0.425673f, -0.175057f, -0.887782f, -0.001334f
	},
	{
	-0.418777f, -0.555165f, -0.718622f, 0.126285f,
	0.799519f, -0.600637f, -0.001903f, 0.548844f,
	-0.430575f, -0.575348f, 0.695399f, -0.023344f
	},
	{
	0.087210f, -0.689911f, -0.718622f, 0.238397f,
	0.991854f, 0.127360f, -0.001903f, 0.334804f,
	0.092836f, -0.712602f, 0.695398f, 0.091926f
	},
	{
	-0.639361f, -0.239892f, -0.730526f, 0.220821f,
	0.344255f, -0.938850f, 0.007008f, 0.134909f,
	-0.687536f, -0.247007f, 0.682848f, 0.073216f
	},
	{
	0.000190f, -0.019211f, -0.999815f, -0.000043f,
	-0.991106f, -0.133050f, 0.002368f, 0.968755f,
	-0.133071f, 0.990923f, -0.019066f, 0.062855f
	},
	{
	-0.000002f, 0.000096f, -1.000000f, -0.000049f,
	-0.999789f, -0.020550f, 0.000000f, 0.506724f,
	-0.020550f, 0.999789f, 0.000096f, 0.000000f
	},
	{
	-0.000022f, 0.000093f, -1.000000f, -0.000048f,
	-0.973767f, -0.227545f, 0.000000f, 0.711225f,
	-0.227545f, 0.973767f, 0.000096f, 0.004204f
	},
	{
	0.880453f, 0.072689f, -0.468528f, -0.237679f,
	0.323904f, 0.629432f, 0.706330f, 0.914319f,
	0.346248f, -0.773648f, 0.530641f, 0.020794f
	},
	{
	0.281000f, -0.837568f, -0.468528f, -0.409825f,
	0.688602f, -0.164091f, 0.706330f, 0.850989f,
	-0.668480f, -0.521108f, 0.530641f, -0.046904f
	},
	{
	-0.051406f, -0.875325f, -0.480795f, -0.460540f,
	0.421007f, -0.455556f, 0.784361f, 0.726711f,
	-0.905599f, -0.162097f, 0.391937f, 0.073743f
	},
	{
	-0.051406f, -0.875325f, -0.480795f, -0.460540f,
	0.421008f, -0.455555f, 0.784360f, 0.726711f,
	-0.905599f, -0.162098f, 0.391937f, 0.073743f
	},
	{
	-0.873028f, -0.081795f, -0.480762f, 0.237585f,
	0.392145f, 0.468302f, -0.791780f, 0.917248f,
	0.289905f, -0.879774f, -0.376765f, 0.021433f
	},
	{
	-0.250825f, 0.840211f, -0.480762f, 0.408280f,
	0.535906f, -0.293068f, -0.791780f, 0.840576f,
	-0.806158f, -0.456242f, -0.376765f, -0.035249f
	},
	{
	0.007144f, 0.876822f, -0.480762f, 0.453549f,
	0.426129f, -0.437605f, -0.791780f, 0.743856f,
	-0.904634f, -0.199210f, -0.376765f, 0.110246f
	},
	{
	0.007144f, 0.876822f, -0.480762f, 0.453549f,
	0.426129f, -0.437605f, -0.791780f, 0.743856f,
	-0.904634f, -0.199210f, -0.376765f, 0.110246f
	},
	{
	0.482699f, 0.744622f, -0.461021f, -0.126387f,
	0.845454f, -0.533532f, 0.023470f, 0.546315f,
	-0.228494f, -0.401101f, -0.887079f, -0.023243f
	},
	{
	-0.331331f, 0.823213f, -0.461021f, -0.255611f,
	0.922803f, 0.384558f, 0.023470f, 0.319976f,
	0.196610f, -0.417655f, -0.887079f, 0.037927f
	},
	{
	0.837558f, 0.296054f, -0.459182f, -0.188836f,
	0.342919f, -0.939153f, 0.019980f, 0.133999f,
	-0.425327f, -0.174197f, -0.888117f, -0.001697f
	},
	{
	-0.425344f, -0.549661f, -0.718995f, 0.126285f,
	0.792853f, -0.609405f, -0.003156f, 0.546315f,
	-0.436425f, -0.571400f, 0.695008f, -0.023267f
	},
	{
	0.095723f, -0.688391f, -0.718996f, 0.240155f,
	0.990010f, 0.140959f, -0.003156f, 0.334059f,
	0.103522f, -0.711511f, 0.695007f, 0.093569f
	},
	{
	-0.640114f, -0.239328f, -0.730052f, 0.220863f,
	0.342616f, -0.939445f, 0.007564f, 0.134536f,
	-0.687654f, -0.245286f, 0.683349f, 0.072706f
	},
	{
	0.000388f, -0.036402f, -0.999337f, -0.000043f,
	-0.991453f, -0.130391f, 0.004365f, 0.966056f,
	-0.130464f, 0.990794f, -0.036142f, 0.063751f
	},
	{
	-0.000002f, 0.000096f, -1.000000f, -0.000049f,
	-0.999742f, -0.022690f, 0.000000f, 0.503119f,
	-0.022690f, 0.999742f, 0.000096f, 0.000000f
	},
	{
	-0.000022f, 0.000093f, -1.000000f, -0.000048f,
	-0.973278f, -0.229629f, 0.000000f, 0.707610f,
	-0.229629f, 0.973278f, 0.000096f, 0.004641f
	},
	{
	0.871864f, 0.084175f, -0.482461f, -0.237679f,
	0.324544f, 0.638461f, 0.697882f, 0.910668f,
	0.366777f, -0.765037f, 0.529332f, 0.021666f
	},
	{
	0.284636f, -0.828380f, -0.482461f, -0.408146f,
	0.696433f, -0.167159f, 0.697882f, 0.847214f,
	-0.658759f, -0.534643f, 0.529332f, -0.050046f
	},
	{
	-0.049495f, -0.868386f, -0.493412f, -0.459517f,
	0.423823f, -0.465595f, 0.776914f, 0.721521f,
	-0.904391f, -0.170666f, 0.391087f, 0.068847f
	},
	{
	-0.049495f, -0.868386f, -0.493412f, -0.459517f,
	0.423824f, -0.465594f, 0.776913f, 0.721521f,
	-0.904391f, -0.170667f, 0.391088f, 0.068847f
	},
	{
	-0.868922f, -0.093662f, -0.486006f, 0.237585f,
	0.388214f, 0.480137f, -0.786612f, 0.913596f,
	0.307025f, -0.872179f, -0.380841f, 0.022312f
	},
	{
	-0.262910f, 0.833473f, -0.486006f, 0.407477f,
	0.547174f, -0.286081f, -0.786612f, 0.837692f,
	-0.794657f, -0.472738f, -0.380841f, -0.037718f
	},
	{
	0.011277f, 0.873883f, -0.486006f, 0.454927f,
	0.430087f, -0.443020f, -0.786612f, 0.738939f,
	-0.902717f, -0.200154f, -0.380841f, 0.105702f
	},
	{
	0.011277f, 0.873883f, -0.486006f, 0.454927f,
	0.430087f, -0.443020f, -0.786612f, 0.738939f,
	-0.902717f, -0.200154f, -0.380841f, 0.105702f
	},
	{
	0.492246f, 0.738201f, -0.461251f, -0.126387f,
	0.838929f, -0.543657f, 0.025218f, 0.542759f,
	-0.232147f, -0.399370f, -0.886911f, -0.023158f
	},
	{
	-0.341483f, 0.818924f, -0.461251f, -0.258167f,
	0.917553f, 0.396813f, 0.025217f, 0.318168f,
	0.203682f, -0.414611f, -0.886911f, 0.038990f
	},
	{
	0.838440f, 0.294897f, -0.458316f, -0.189346f,
	0.341290f, -0.939752f, 0.019683f, 0.133248f,
	-0.424899f, -0.172922f, -0.888571f, -0.002059f
	},
	{
	-0.433345f, -0.542842f, -0.719399f, 0.126285f,
	0.784442f, -0.620186f, -0.004547f, 0.542759f,
	-0.443692f, -0.566297f, 0.694583f, -0.023182f
	},
	{
	0.106296f, -0.686416f, -0.719399f, 0.242297f,
	0.987479f, 0.157683f, -0.004547f, 0.332755f,
	0.116558f, -0.709908f, 0.694582f, 0.095599f
	},
	{
	-0.641047f, -0.238802f, -0.729406f, 0.220874f,
	0.340656f, -0.940150f, 0.008408f, 0.133742f,
	-0.687759f, -0.243087f, 0.684030f, 0.072109f
	},
	{
	0.000593f, -0.057943f, -0.998320f, -0.000043f,
	-0.991892f, -0.126900f, 0.006776f, 0.962314f,
	-0.127079f, 0.990222f, -0.057548f, 0.064734f
	},
	{
	-0.000002f, 0.000096f, -1.000000f, -0.000049f,
	-0.999688f, -0.024979f, 0.000000f, 0.498913f,
	-0.024979f, 0.999688f, 0.000096f, 0.000415f
	},
	{
	-0.000022f, 0.000093f, -1.000000f, -0.000048f,
	-0.972750f, -0.231857f, 0.000000f, 0.703393f,
	-0.231857f, 0.972750f, 0.000096f, 0.005524f
	},
	{
	0.861577f, 0.097694f, -0.498137f, -0.237679f,
	0.324446f, 0.648733f, 0.688389f, 0.906412f,
	0.390409f, -0.754719f, 0.527238f, 0.023014f
	},
	{
	0.289189f, -0.817453f, -0.498137f, -0.406134f,
	0.705129f, -0.170036f, 0.688389f, 0.842976f,
	-0.647427f, -0.550325f, 0.527237f, -0.053318f
	},
	{
	-0.046697f, -0.860391f, -0.507490f, -0.458327f,
	0.426874f, -0.476506f, 0.768583f, 0.715714f,
	-0.903104f, -0.180744f, 0.389531f, 0.063529f
	},
	{
	-0.046697f, -0.860391f, -0.507490f, -0.458327f,
	0.426875f, -0.476506f, 0.768583f, 0.715714f,
	-0.903104f, -0.180744f, 0.389531f, 0.063529f
	},
	{
	-0.864022f, -0.107418f, -0.491860f, 0.237585f,
	0.383137f, 0.493500f, -0.780810f, 0.909338f,
	0.326606f, -0.863087f, -0.385239f, 0.023666f
	},
	{
	-0.276743f, 0.825522f, -0.491860f, 0.406519f,
	0.559717f, -0.277584f, -0.780810f, 0.834427f,
	-0.781108f, -0.491386f, -0.385239f, -0.040192f
	},
	{
	0.015934f, 0.870528f, -0.491860f, 0.456466f,
	0.434314f, -0.449118f, -0.780810f, 0.733409f,
	-0.900620f, -0.201180f, -0.385239f, 0.100783f
	},
	{
	0.015934f, 0.870528f, -0.491860f, 0.456466f,
	0.434314f, -0.449118f, -0.780810f, 0.733409f,
	-0.900620f, -0.201180f, -0.385239f, 0.100783f
	},
	{
	0.503123f, 0.730692f, -0.461472f, -0.126387f,
	0.831243f, -0.555249f, 0.027090f, 0.538606f,
	-0.236437f, -0.397225f, -0.886741f, -0.022653f
	},
	{
	-0.353272f, 0.813783f, -0.461472f, -0.261079f,
	0.911256f, 0.410948f, 0.027090f, 0.316072f,
	0.211687f, -0.410949f, -0.886741f, 0.040645f
	},
	{
	0.839426f, 0.293742f, -0.457252f, -0.189882f,
	0.339535f, -0.940397f, 0.019203f, 0.132421f,
	-0.424358f, -0.171373f, -0.889130f, -0.002018f
	},
	{
	-0.442457f, -0.534895f, -0.719805f, 0.126285f,
	0.774519f, -0.632521f, -0.006057f, 0.538606f,
	-0.452052f, -0.560183f, 0.694150f, -0.022677f
	},
	{
	0.118705f, -0.683952f, -0.719805f, 0.244736f,
	0.984159f, 0.177183f, -0.006057f, 0.331258f,
	0.131680f, -0.707684f, 0.694150f, 0.098343f
	},
	{
	-0.642101f, -0.238472f, -0.728586f, 0.220813f,
	0.338673f, -0.940857f, 0.009479f, 0.132914f,
	-0.687756f, -0.240666f, 0.684888f, 0.071805f
	},
	{
	0.000762f, -0.083315f, -0.996523f, -0.000043f,
	-0.992394f, -0.122730f, 0.009502f, 0.957958f,
	-0.123095f, 0.988937f, -0.082775f, 0.066200f
	},
	{
	-0.000003f, 0.000096f, -1.000000f, -0.000049f,
	-0.999625f, -0.027375f, 0.000000f, 0.496423f,
	-0.027375f, 0.999625f, 0.000096f, 0.002904f
	},
	{
	-0.000022f, 0.000093f, -1.000000f, -0.000048f,
	-0.972191f, -0.234188f, 0.000000f, 0.700891f,
	-0.234188f, 0.972191f, 0.000096f, 0.008504f
	},
	{
	0.849744f, 0.112944f, -0.514956f, -0.237679f,
	0.323280f, 0.659952f, 0.678199f, 0.903867f,
	0.416444f, -0.742770f, 0.524277f, 0.026480f
	},
	{
	0.294653f, -0.804985f, -0.514956f, -0.403821f,
	0.714379f, -0.172362f, 0.678199f, 0.840659f,
	-0.634698f, -0.567706f, 0.524277f, -0.054943f
	},
	{
	-0.042893f, -0.851589f, -0.522451f, -0.456999f,
	0.430101f, -0.487734f, 0.759689f, 0.711728f,
	-0.901761f, -0.192122f, 0.387190f, 0.059608f
	},
	{
	-0.042893f, -0.851589f, -0.522451f, -0.457000f,
	0.430102f, -0.487733f, 0.759689f, 0.711728f,
	-0.901760f, -0.192122f, 0.387191f, 0.059608f
	},
	{
	-0.858406f, -0.122669f, -0.498088f, 0.237586f,
	0.376854f, 0.507958f, -0.774571f, 0.906791f,
	0.348023f, -0.852602f, -0.389806f, 0.027139f
	},
	{
	-0.291926f, 0.816510f, -0.498088f, 0.405421f,
	0.573084f, -0.267610f, -0.774571f, 0.833109f,
	-0.765737f, -0.511563f, -0.389806f, -0.040906f
	},
	{
	0.020890f, 0.866875f, -0.498088f, 0.458108f,
	0.438689f, -0.455623f, -0.774570f, 0.729679f,
	-0.898396f, -0.202325f, -0.389806f, 0.097294f
	},
	{
	0.020890f, 0.866875f, -0.498088f, 0.458108f,
	0.438689f, -0.455623f, -0.774570f, 0.729679f,
	-0.898396f, -0.202325f, -0.389806f, 0.097294f
	},
	{
	0.514951f, 0.722276f, -0.461674f, -0.126387f,
	0.822589f, -0.567893f, 0.029063f, 0.536172f,
	-0.241190f, -0.394734f, -0.886573f, -0.020068f
	},
	{
	-0.366419f, 0.807833f, -0.461674f, -0.264246f,
	0.903959f, 0.426630f, 0.029063f, 0.315955f,
	0.220442f, -0.406685f, -0.886573f, 0.044501f
	},
	{
	0.840454f, 0.292730f, -0.456012f, -0.190399f,
	0.337846f, -0.941018f, 0.018596f, 0.133774f,
	-0.423672f, -0.169691f, -0.889779f, 0.000074f
	},
	{
	-0.452364f, -0.526018f, -0.720188f, 0.126285f,
	0.763333f, -0.645960f, -0.007662f, 0.536172f,
	-0.461182f, -0.553209f, 0.693736f, -0.020092f
	},
	{
	0.132730f, -0.680964f, -0.720188f, 0.247388f,
	0.979947f, 0.199109f, -0.007662f, 0.331818f,
	0.148614f, -0.704730f, 0.693736f, 0.103372f
	},
	{
	-0.643212f, -0.238505f, -0.727594f, 0.220639f,
	0.336972f, -0.941454f, 0.010716f, 0.134324f,
	-0.687552f, -0.238286f, 0.685924f, 0.073421f
	},
	{
	0.000858f, -0.111989f, -0.993709f, -0.000042f,
	-0.992931f, -0.118040f, 0.012446f, 0.955309f,
	-0.118691f, 0.986674f, -0.111298f, 0.069790f
	},
	{
	-0.000003f, 0.000096f, -1.000000f, -0.000049f,
	-0.999555f, -0.029837f, 0.000000f, 0.491548f,
	-0.029837f, 0.999555f, 0.000096f, 0.003008f
	},
	{
	-0.000023f, 0.000093f, -1.000000f, -0.000048f,
	-0.971611f, -0.236582f, 0.000000f, 0.696001f,
	-0.236582f, 0.971611f, 0.000096f, 0.009111f
	},
	{
	0.836553f, 0.129639f, -0.532328f, -0.237679f,
	0.320756f, 0.671808f, 0.667675f, 0.898933f,
	0.444179f, -0.729293f, 0.520420f, 0.027588f
	},
	{
	0.301036f, -0.791205f, -0.532328f, -0.401241f,
	0.723882f, -0.173795f, 0.667675f, 0.836218f,
	-0.620783f, -0.586336f, 0.520420f, -0.059258f
	},
	{
	-0.037976f, -0.842262f, -0.537729f, -0.455572f,
	0.433474f, -0.498737f, 0.750574f, 0.705572f,
	-0.900366f, -0.204588f, 0.384038f, 0.052781f
	},
	{
	-0.037976f, -0.842262f, -0.537729f, -0.455572f,
	0.433474f, -0.498737f, 0.750574f, 0.705572f,
	-0.900365f, -0.204588f, 0.384039f, 0.052781f
	},
	{
	-0.852176f, -0.139032f, -0.504446f, 0.237586f,
	0.369335f, 0.523085f, -0.768097f, 0.901855f,
	0.370658f, -0.840864f, -0.394412f, 0.028254f
	},
	{
	-0.308076f, 0.806612f, -0.504446f, 0.404203f,
	0.586835f, -0.256225f, -0.768097f, 0.829643f,
	-0.748808f, -0.532659f, -0.394412f, -0.044217f
	},
	{
	0.025923f, 0.863054f, -0.504446f, 0.459805f,
	0.443111f, -0.462254f, -0.768097f, 0.723731f,
	-0.896092f, -0.203615f, -0.394412f, 0.090928f
	},
	{
	0.025923f, 0.863054f, -0.504446f, 0.459805f,
	0.443111f, -0.462254f, -0.768097f, 0.723731f,
	-0.896092f, -0.203615f, -0.394412f, 0.090928f
	},
	{
	0.527360f, 0.713153f, -0.461848f, -0.126387f,
	0.813180f, -0.581180f, 0.031111f, 0.531353f,
	-0.246229f, -0.391972f, -0.886413f, -0.019866f
	},
	{
	-0.380652f, 0.801125f, -0.461848f, -0.267568f,
	0.895718f, 0.443533f, 0.031111f, 0.313655f,
	0.229769f, -0.401843f, -0.886413f, 0.046052f
	},
	{
	0.841458f, 0.292009f, -0.454620f, -0.190853f,
	0.336421f, -0.941541f, 0.017916f, 0.133136f,
	-0.422812f, -0.168019f, -0.890505f, -0.000254f
	},
	{
	-0.462763f, -0.516429f, -0.720522f, 0.126285f,
	0.751152f, -0.660064f, -0.009339f, 0.531353f,
	-0.470767f, -0.545543f, 0.693369f, -0.019890f
	},
	{
	0.148156f, -0.677420f, -0.720522f, 0.250172f,
	0.974747f, 0.223117f, -0.009339f, 0.330261f,
	0.167088f, -0.700943f, 0.693369f, 0.106140f
	},
	{
	-0.644316f, -0.239075f, -0.726430f, 0.220313f,
	0.335869f, -0.941832f, 0.012062f, 0.133814f,
	-0.687058f, -0.236213f, 0.687135f, 0.072465f
	},
	{
	0.000858f, -0.143421f, -0.989661f, -0.000042f,
	-0.993475f, -0.112990f, 0.015514f, 0.950268f,
	-0.114047f, 0.983190f, -0.142582f, 0.071024f
	},
	{
	-0.000003f, 0.000096f, -1.000000f, -0.000049f,
	-0.999477f, -0.032324f, 0.000000f, 0.486570f,
	-0.032324f, 0.999477f, 0.000096f, 0.004875f
	},
	{
	-0.000023f, 0.000093f, -1.000000f, -0.000048f,
	-0.971020f, -0.238999f, 0.000000f, 0.691007f,
	-0.238999f, 0.971020f, 0.000096f, 0.011487f
	},
	{
	0.822247f, 0.147521f, -0.549679f, -0.237678f,
	0.316628f, 0.683986f, 0.657199f, 0.893891f,
	0.472923f, -0.714423f, 0.515696f, 0.030468f
	},
	{
	0.308364f, -0.776379f, -0.549679f, -0.398444f,
	0.733352f, -0.174025f, 0.657199f, 0.831985f,
	-0.605893f, -0.605764f, 0.515696f, -0.061997f
	},
	{
	-0.031861f, -0.832722f, -0.552773f, -0.454098f,
	0.436992f, -0.508999f, 0.741592f, 0.699629f,
	-0.898900f, -0.217929f, 0.380110f, 0.047354f
	},
	{
	-0.031861f, -0.832722f, -0.552773f, -0.454098f,
	0.436992f, -0.508998f, 0.741591f, 0.699629f,
	-0.898900f, -0.217930f, 0.380111f, 0.047354f
	},
	{
	-0.845468f, -0.156138f, -0.510691f, 0.237586f,
	0.360591f, 0.538461f, -0.761600f, 0.896812f,
	0.393902f, -0.828058f, -0.398949f, 0.031142f
	},
	{
	-0.324834f, 0.796039f, -0.510691f, 0.402892f,
	0.600546f, -0.243536f, -0.761600f, 0.826310f,
	-0.730635f, -0.554087f, -0.398949f, -0.045874f
	},
	{
	0.030821f, 0.859212f, -0.510691f, 0.461518f,
	0.447506f, -0.468726f, -0.761600f, 0.717923f,
	-0.893749f, -0.205064f, -0.398949f, 0.085991f
	},
	{
	0.030821f, 0.859212f, -0.510691f, 0.461518f,
	0.447506f, -0.468726f, -0.761600f, 0.717923f,
	-0.893749f, -0.205064f, -0.398949f, 0.085991f
	},
	{
	0.539994f, 0.703547f, -0.461983f, -0.126387f,
	0.803251f, -0.594715f, 0.033207f, 0.526431f,
	-0.251385f, -0.389020f, -0.886267f, -0.017900f
	},
	{
	-0.395704f, 0.793719f, -0.461983f, -0.270950f,
	0.886602f, 0.461339f, 0.033207f, 0.311391f,
	0.239488f, -0.396455f, -0.886267f, 0.049399f
	},
	{
	0.842371f, 0.291736f, -0.453102f, -0.191201f,
	0.335463f, -0.941896f, 0.017214f, 0.132709f,
	-0.421754f, -0.166499f, -0.891292f, 0.001133f
	},
	{
	-0.473364f, -0.506363f, -0.720779f, 0.126285f,
	0.738272f, -0.674413f, -0.011063f, 0.526431f,
	-0.480501f, -0.537368f, 0.693076f, -0.017924f
	},
	{
	0.164782f, -0.673293f, -0.720779f, 0.253010f,
	0.968474f, 0.248868f, -0.011063f, 0.328787f,
	0.186827f, -0.696234f, 0.693076f, 0.110712f
	},
	{
	-0.645340f, -0.240367f, -0.725093f, 0.219801f,
	0.335690f, -0.941876f, 0.013463f, 0.133605f,
	-0.686184f, -0.234718f, 0.688519f, 0.073059f
	},
	{
	0.000756f, -0.177059f, -0.984200f, -0.000042f,
	-0.994004f, -0.107748f, 0.018620f, 0.945119f,
	-0.109342f, 0.978284f, -0.176079f, 0.074032f
	},
	{
	-0.000003f, 0.000096f, -1.000000f, -0.000049f,
	-0.999394f, -0.034795f, 0.000000f, 0.481742f,
	-0.034795f, 0.999394f, 0.000096f, 0.006016f
	},
	{
	-0.000023f, 0.000093f, -1.000000f, -0.000048f,
	-0.970426f, -0.241399f, 0.000000f, 0.686162f,
	-0.241399f, 0.970426f, 0.000096f, 0.013133f
	},
	{
	0.807126f, 0.166358f, -0.566457f, -0.237678f,
	0.310703f, 0.696165f, 0.647161f, 0.888999f,
	0.502007f, -0.698340f, 0.510205f, 0.032616f
	},
	{
	0.316683f, -0.760814f, -0.566457f, -0.395488f,
	0.742518f, -0.172770f, 0.647161f, 0.828251f,
	-0.590236f, -0.625549f, 0.510205f, -0.065536f
	},
	{
	-0.024482f, -0.823318f, -0.567052f, -0.452643f,
	0.440685f, -0.518024f, 0.733108f, 0.694241f,
	-0.897327f, -0.231943f, 0.375507f, 0.040990f
	},
	{
	-0.024482f, -0.823318f, -0.567052f, -0.452643f,
	0.440686f, -0.518024f, 0.733107f, 0.694241f,
	-0.897327f, -0.231944f, 0.375507f, 0.040990f
	},
	{
	-0.838452f, -0.173639f, -0.516573f, 0.237586f,
	0.350674f, 0.553679f, -0.755293f, 0.891918f,
	0.417164f, -0.814425f, -0.403343f, 0.033297f
	},
	{
	-0.341869f, 0.785034f, -0.516573f, 0.401520f,
	0.613818f, -0.229695f, -0.755293f, 0.823355f,
	-0.711585f, -0.575293f, -0.403343f, -0.048267f
	},
	{
	0.035385f, 0.855512f, -0.516573f, 0.463221f,
	0.451828f, -0.474747f, -0.755293f, 0.712573f,
	-0.891403f, -0.206676f, -0.403343f, 0.080160f
	},
	{
	0.035385f, 0.855512f, -0.516573f, 0.463220f,
	0.451828f, -0.474747f, -0.755293f, 0.712573f,
	-0.891403f, -0.206676f, -0.403343f, 0.080160f
	},
	{
	0.552512f, 0.693702f, -0.462070f, -0.126387f,
	0.793060f, -0.608118f, 0.035325f, 0.521660f,
	-0.256488f, -0.385967f, -0.886139f, -0.016660f
	},
	{
	-0.411324f, 0.785687f, -0.462070f, -0.274301f,
	0.876697f, 0.479745f, 0.035325f, 0.309348f,
	0.249430f, -0.390565f, -0.886139f, 0.052004f
	},
	{
	0.843123f, 0.292072f, -0.451484f, -0.191404f,
	0.335184f, -0.942008f, 0.016541f, 0.132662f,
	-0.420471f, -0.165276f, -0.892126f, 0.001735f
	},
	{
	-0.483902f, -0.496078f, -0.720934f, 0.126285f,
	0.725017f, -0.688612f, -0.012804f, 0.521660f,
	-0.490092f, -0.528885f, 0.692886f, -0.016685f
	},
	{
	0.182211f, -0.668621f, -0.720934f, 0.255831f,
	0.961148f, 0.275736f, -0.012804f, 0.327564f,
	0.207349f, -0.690591f, 0.692886f, 0.114519f
	},
	{
	-0.646271f, -0.242378f, -0.723593f, 0.219109f,
	0.336483f, -0.941573f, 0.014866f, 0.133858f,
	-0.684918f, -0.233869f, 0.690067f, 0.072731f
	},
	{
	0.000569f, -0.212346f, -0.977194f, -0.000042f,
	-0.994497f, -0.102489f, 0.021692f, 0.940119f,
	-0.104758f, 0.971805f, -0.211236f, 0.076306f
	},
	{
	-0.000004f, 0.000096f, -1.000000f, -0.000049f,
	-0.999308f, -0.037208f, 0.000000f, 0.477836f,
	-0.037208f, 0.999307f, 0.000096f, 0.006016f
	},
	{
	-0.000023f, 0.000093f, -1.000000f, -0.000048f,
	-0.969840f, -0.243741f, 0.000000f, 0.682239f,
	-0.243741f, 0.969840f, 0.000096f, 0.013627f
	},
	{
	0.791542f, 0.185958f, -0.582135f, -0.237678f,
	0.302843f, 0.708024f, 0.637956f, 0.885028f,
	0.530798f, -0.681264f, 0.504114f, 0.033600f
	},
	{
	0.326062f, -0.744851f, -0.582134f, -0.392441f,
	0.751123f, -0.169783f, 0.637956f, 0.825817f,
	-0.574019f, -0.645268f, 0.504114f, -0.070182f
	},
	{
	-0.015798f, -0.814420f, -0.580060f, -0.451288f,
	0.444608f, -0.525345f, 0.725490f, 0.690254f,
	-0.895585f, -0.246438f, 0.370398f, 0.033417f
	},
	{
	-0.015798f, -0.814420f, -0.580060f, -0.451288f,
	0.444609f, -0.525345f, 0.725489f, 0.690254f,
	-0.895585f, -0.246439f, 0.370398f, 0.033417f
	},
	{
	-0.831339f, -0.191208f, -0.521839f, 0.237586f,
	0.339680f, 0.568354f, -0.749394f, 0.887946f,
	0.439879f, -0.800258f, -0.407545f, 0.034287f
	},
	{
	-0.358883f, 0.773878f, -0.521839f, 0.400129f,
	0.626282f, -0.214893f, -0.749394f, 0.821531f,
	-0.692079f, -0.595763f, -0.407545f, -0.051718f
	},
	{
	0.039426f, 0.852133f, -0.521839f, 0.464900f,
	0.456055f, -0.480023f, -0.749394f, 0.708500f,
	-0.889078f, -0.208441f, -0.407545f, 0.073188f
	},
	{
	0.039426f, 0.852133f, -0.521839f, 0.464900f,
	0.456055f, -0.480023f, -0.749394f, 0.708500f,
	-0.889078f, -0.208441f, -0.407545f, 0.073188f
	},
	{
	0.564591f, 0.683888f, -0.462098f, -0.126387f,
	0.782893f, -0.621029f, 0.037438f, 0.517809f,
	-0.261374f, -0.382910f, -0.886038f, -0.016564f
	},
	{
	-0.427176f, 0.777165f, -0.462098f, -0.277535f,
	0.866164f, 0.498355f, 0.037438f, 0.308219f,
	0.259384f, -0.384261f, -0.886038f, 0.053409f
	},
	{
	0.843672f, 0.293085f, -0.449799f, -0.191443f,
	0.335687f, -0.941839f, 0.015942f, 0.133656f,
	-0.418966f, -0.164442f, -0.892987f, 0.001134f
	},
	{
	-0.494130f, -0.485855f, -0.720958f, 0.126285f,
	0.711739f, -0.702293f, -0.014535f, 0.517809f,
	-0.499263f, -0.520316f, 0.692826f, -0.016588f
	},
	{
	0.199142f, -0.663748f, -0.720958f, 0.258569f,
	0.953263f, 0.301792f, -0.014535f, 0.327268f,
	0.227227f, -0.684369f, 0.692826f, 0.117070f
	},
	{
	-0.647399f, -0.244200f, -0.721970f, 0.218435f,
	0.336993f, -0.941368f, 0.016224f, 0.135151f,
	-0.683601f, -0.232795f, 0.691734f, 0.071276f
	},
	{
	0.000334f, -0.248727f, -0.968574f, -0.000042f,
	-0.994940f, -0.097395f, 0.024668f, 0.936042f,
	-0.100469f, 0.963664f, -0.247501f, 0.077413f
	},
	{
	-0.000004f, 0.000096f, -1.000000f, -0.000049f,
	-0.999219f, -0.039522f, 0.000000f, 0.474641f,
	-0.039522f, 0.999219f, 0.000096f, 0.006327f
	},
	{
	-0.000024f, 0.000093f, -1.000000f, -0.000048f,
	-0.969273f, -0.245987f, 0.000000f, 0.679026f,
	-0.245986f, 0.969273f, 0.000096f, 0.014411f
	},
	{
	0.775909f, 0.206154f, -0.596210f, -0.237678f,
	0.292974f, 0.719238f, 0.629970f, 0.881769f,
	0.558688f, -0.663473f, 0.497666f, 0.034854f
	},
	{
	0.336573f, -0.728871f, -0.596210f, -0.389384f,
	0.758919f, -0.164862f, 0.629970f, 0.824486f,
	-0.557459f, -0.664506f, 0.497666f, -0.074381f
	},
	{
	-0.005807f, -0.806415f, -0.591321f, -0.450129f,
	0.448824f, -0.530524f, 0.719097f, 0.687517f,
	-0.893601f, -0.261223f, 0.365020f, 0.026229f
	},
	{
	-0.005807f, -0.806415f, -0.591321f, -0.450129f,
	0.448825f, -0.530524f, 0.719097f, 0.687517f,
	-0.893600f, -0.261224f, 0.365020f, 0.026229f
	},
	{
	-0.824372f, -0.208543f, -0.526233f, 0.237586f,
	0.327745f, 0.582122f, -0.744121f, 0.884684f,
	0.461513f, -0.785903f, -0.411536f, 0.035548f
	},
	{
	-0.375612f, 0.762886f, -0.526233f, 0.398767f,
	0.637604f, -0.199361f, -0.744121f, 0.820603f,
	-0.672590f, -0.615029f, -0.411536f, -0.054687f
	},
	{
	0.042773f, 0.849264f, -0.526233f, 0.466558f,
	0.460190f, -0.484261f, -0.744121f, 0.705529f,
	-0.886790f, -0.210339f, -0.411536f, 0.066702f
	},
	{
	0.042773f, 0.849264f, -0.526233f, 0.466558f,
	0.460190f, -0.484261f, -0.744121f, 0.705529f,
	-0.886790f, -0.210339f, -0.411536f, 0.066702f
	},
	{
	0.575929f, 0.674396f, -0.462056f, -0.126387f,
	0.773054f, -0.633108f, 0.039517f, 0.514666f,
	-0.265882f, -0.379953f, -0.885970f, -0.016160f
	},
	{
	-0.441811f, 0.768965f, -0.462056f, -0.280570f,
	0.855956f, 0.515536f, 0.039517f, 0.307710f,
	0.268593f, -0.378041f, -0.885970f, 0.055019f
	},
	{
	0.844386f, 0.293612f, -0.448113f, -0.191529f,
	0.335692f, -0.941845f, 0.015436f, 0.135204f,
	-0.417521f, -0.163462f, -0.893844f, 0.000888f
	},
	{
	-0.503827f, -0.475991f, -0.720827f, 0.126285f,
	0.698817f, -0.715116f, -0.016223f, 0.514666f,
	-0.507753f, -0.511899f, 0.692926f, -0.016184f
	},
	{
	0.215080f, -0.658900f, -0.720827f, 0.261166f,
	0.945140f, 0.326262f, -0.016223f, 0.327584f,
	0.245868f, -0.677793f, 0.692926f, 0.119747f
	},
	{
	-0.648743f, -0.245690f, -0.720256f, 0.217819f,
	0.337053f, -0.941323f, 0.017512f, 0.137105f,
	-0.682296f, -0.231404f, 0.693487f, 0.070196f
	},
	{
	0.000113f, -0.285656f, -0.958332f, -0.000042f,
	-0.995318f, -0.092654f, 0.027500f, 0.932681f,
	-0.096649f, 0.953843f, -0.284329f, 0.078785f
	},
	{
	-0.000004f, 0.000096f, -1.000000f, -0.000049f,
	-0.999130f, -0.041695f, 0.000000f, 0.469663f,
	-0.041695f, 0.999130f, 0.000096f, 0.008817f
	},
	{
	-0.000024f, 0.000093f, -1.000000f, -0.000048f,
	-0.968736f, -0.248094f, 0.000000f, 0.674029f,
	-0.248094f, 0.968736f, 0.000096f, 0.017345f
	},
	{
	0.761184f, 0.225255f, -0.608161f, -0.237678f,
	0.282278f, 0.729186f, 0.623384f, 0.876727f,
	0.583882f, -0.646180f, 0.491460f, 0.038228f
	},
	{
	0.346846f, -0.714029f, -0.608161f, -0.386505f,
	0.765563f, -0.159076f, 0.623384f, 0.821536f,
	-0.541858f, -0.681804f, 0.491460f, -0.075932f
	},
	{
	0.003854f, -0.799544f, -0.600595f, -0.449104f,
	0.452687f, -0.534140f, 0.713981f, 0.683367f,
	-0.891661f, -0.274633f, 0.359885f, 0.021862f
	},
	{
	0.003854f, -0.799544f, -0.600595f, -0.449104f,
	0.452688f, -0.534139f, 0.713981f, 0.683367f,
	-0.891661f, -0.274634f, 0.359886f, 0.021863f
	},
	{
	-0.817828f, -0.225367f, -0.529497f, 0.237586f,
	0.315041f, 0.594648f, -0.739691f, 0.879641f,
	0.481566f, -0.771753f, -0.415321f, 0.038929f
	},
	{
	-0.391828f, 0.752399f, -0.529497f, 0.397488f,
	0.647485f, -0.183362f, -0.739691f, 0.818044f,
	-0.653632f, -0.632672f, -0.415321f, -0.055227f
	},
	{
	0.045264f, 0.847104f, -0.529497f, 0.468205f,
	0.464252f, -0.487163f, -0.739690f, 0.701186f,
	-0.884546f, -0.212339f, -0.415320f, 0.062741f
	},
	{
	0.045264f, 0.847104f, -0.529497f, 0.468205f,
	0.464252f, -0.487163f, -0.739690f, 0.701186f,
	-0.884546f, -0.212339f, -0.415320f, 0.062741f
	},
	{
	0.586242f, 0.665537f, -0.461932f, -0.126387f,
	0.763870f, -0.644032f, 0.041535f, 0.509736f,
	-0.269856f, -0.377206f, -0.885942f, -0.013584f
	},
	{
	-0.454748f, 0.761461f, -0.461932f, -0.283331f,
	0.846516f, 0.530740f, 0.041534f, 0.305239f,
	0.276793f, -0.372145f, -0.885942f, 0.058660f
	},
	{
	0.845292f, 0.293487f, -0.446482f, -0.191683f,
	0.335041f, -0.942084f, 0.015047f, 0.134635f,
	-0.416207f, -0.162308f, -0.894666f, 0.002876f
	},
	{
	-0.512794f, -0.466804f, -0.720511f, 0.126285f,
	0.686651f, -0.726769f, -0.017838f, 0.509736f,
	-0.515319f, -0.503887f, 0.693214f, -0.013608f
	},
	{
	0.229671f, -0.654305f, -0.720511f, 0.263566f,
	0.937109f, 0.348582f, -0.017838f, 0.325911f,
	0.262828f, -0.671101f, 0.693214f, 0.124349f
	},
	{
	-0.650275f, -0.246828f, -0.718484f, 0.217279f,
	0.336670f, -0.941437f, 0.018712f, 0.137050f,
	-0.681026f, -0.229724f, 0.695292f, 0.071380f
	},
	{
	-0.000007f, -0.322609f, -0.946532f, -0.000042f,
	-0.995623f, -0.088463f, 0.030158f, 0.927543f,
	-0.093462f, 0.942389f, -0.321196f, 0.082271f
	},
	{
	-0.000004f, 0.000096f, -1.000000f, -0.000049f,
	-0.999045f, -0.043687f, 0.000000f, 0.466990f,
	-0.043687f, 0.999045f, 0.000096f, 0.009024f
	},
	{
	-0.000024f, 0.000093f, -1.000000f, -0.000048f,
	-0.968239f, -0.250025f, 0.000000f, 0.671339f,
	-0.250025f, 0.968239f, 0.000096f, 0.017960f
	},
	{
	0.748119f, 0.241969f, -0.617874f, -0.237678f,
	0.271965f, 0.737535f, 0.618124f, 0.873995f,
	0.605270f, -0.630471f, 0.485957f, 0.039247f
	},
	{
	0.355823f, -0.701157f, -0.617874f, -0.383950f,
	0.770955f, -0.153460f, 0.618124f, 0.820820f,
	-0.528221f, -0.696296f, 0.485957f, -0.079095f
	},
	{
	0.012030f, -0.793860f, -0.607981f, -0.448169f,
	0.455778f, -0.536835f, 0.709981f, 0.681678f,
	-0.890011f, -0.285645f, 0.355366f, 0.016238f
	},
	{
	0.012030f, -0.793860f, -0.607981f, -0.448169f,
	0.455779f, -0.536835f, 0.709981f, 0.681678f,
	-0.890011f, -0.285646f, 0.355367f, 0.016238f
	},
	{
	-0.812071f, -0.240310f, -0.531781f, 0.237586f,
	0.302939f, 0.605263f, -0.736128f, 0.876907f,
	0.498767f, -0.758885f, -0.418718f, 0.039954f
	},
	{
	-0.406254f, 0.743079f, -0.531781f, 0.396362f,
	0.655558f, -0.168402f, -0.736128f, 0.817677f,
	-0.636554f, -0.647669f, -0.418718f, -0.057565f
	},
	{
	0.046950f, 0.845579f, -0.531781f, 0.469683f,
	0.468037f, -0.488935f, -0.736128f, 0.699361f,
	-0.882461f, -0.214332f, -0.418718f, 0.057320f
	},
	{
	0.046950f, 0.845579f, -0.531781f, 0.469683f,
	0.468036f, -0.488935f, -0.736128f, 0.699361f,
	-0.882461f, -0.214332f, -0.418717f, 0.057320f
	},
	{
	0.595261f, 0.657634f, -0.461716f, -0.126387f,
	0.755682f, -0.653495f, 0.043464f, 0.507108f,
	-0.273146f, -0.374783f, -0.885962f, -0.013296f
	},
	{
	-0.465907f, 0.754817f, -0.461716f, -0.285746f,
	0.838046f, 0.543866f, 0.043464f, 0.304803f,
	0.283919f, -0.366689f, -0.885962f, 0.059828f
	},
	{
	0.846277f, 0.292973f, -0.444953f, -0.191848f,
	0.334047f, -0.942440f, 0.014803f, 0.135907f,
	-0.415005f, -0.161163f, -0.895432f, 0.002608f
	},
	{
	-0.520852f, -0.458621f, -0.719987f, 0.126285f,
	0.675656f, -0.736963f, -0.019348f, 0.507108f,
	-0.521730f, -0.496541f, 0.693718f, -0.013321f
	},
	{
	0.242566f, -0.650216f, -0.719987f, 0.265723f,
	0.929547f, 0.368195f, -0.019348f, 0.326227f,
	0.277676f, -0.664568f, 0.693718f, 0.126353f
	},
	{
	-0.651768f, -0.248104f, -0.716689f, 0.216838f,
	0.336741f, -0.941392f, 0.019653f, 0.138890f,
	-0.679561f, -0.228530f, 0.697116f, 0.070391f
	},
	{
	0.000008f, -0.358221f, -0.933637f, -0.000042f,
	-0.995814f, -0.085340f, 0.032735f, 0.924723f,
	-0.091403f, 0.929728f, -0.356722f, 0.083391f
	},
	{
	-0.000004f, 0.000096f, -1.000000f, -0.000049f,
	-0.998966f, -0.045457f, 0.000000f, 0.464699f,
	-0.045457f, 0.998966f, 0.000096f, 0.009024f
	},
	{
	-0.000024f, 0.000093f, -1.000000f, -0.000048f,
	-0.967795f, -0.251740f, 0.000000f, 0.669031f,
	-0.251739f, 0.967795f, 0.000096f, 0.018322f
	},
	{
	0.737138f, 0.255933f, -0.625400f, -0.237678f,
	0.262629f, 0.744236f, 0.614116f, 0.871649f,
	0.622617f, -0.616937f, 0.481389f, 0.039968f
	},
	{
	0.363278f, -0.690582f, -0.625400f, -0.381803f,
	0.775139f, -0.148393f, 0.614116f, 0.820300f,
	-0.516902f, -0.707867f, 0.481389f, -0.081766f
	},
	{
	0.018548f, -0.789409f, -0.613587f, -0.447368f,
	0.458122f, -0.538770f, 0.707001f, 0.680403f,
	-0.888695f, -0.294211f, 0.351652f, 0.011525f
	},
	{
	0.018548f, -0.789409f, -0.613587f, -0.447368f,
	0.458122f, -0.538769f, 0.707001f, 0.680403f,
	-0.888695f, -0.294212f, 0.351653f, 0.011525f
	},
	{
	-0.807412f, -0.251817f, -0.533549f, 0.237586f,
	0.293230f, 0.613457f, -0.733271f, 0.874560f,
	0.511959f, -0.748504f, -0.421473f, 0.040680f
	},
	{
	-0.417424f, 0.735583f, -0.533549f, 0.395451f,
	0.661712f, -0.156367f, -0.733271f, 0.817228f,
	-0.622811f, -0.659141f, -0.421473f, -0.059418f
	},
	{
	0.048086f, 0.844401f, -0.533549f, 0.470788f,
	0.471225f, -0.490164f, -0.733271f, 0.697802f,
	-0.880701f, -0.216162f, -0.421472f, 0.052987f
	},
	{
	0.048086f, 0.844401f, -0.533549f, 0.470788f,
	0.471225f, -0.490164f, -0.733271f, 0.697802f,
	-0.880701f, -0.216162f, -0.421472f, 0.052987f
	},
	{
	0.602731f, 0.651022f, -0.461396f, -0.126387f,
	0.748839f, -0.661203f, 0.045278f, 0.504856f,
	-0.275600f, -0.372802f, -0.886038f, -0.013225f
	},
	{
	-0.475204f, 0.749196f, -0.461396f, -0.287745f,
	0.830742f, 0.554812f, 0.045278f, 0.304383f,
	0.289910f, -0.361785f, -0.886038f, 0.060556f
	},
	{
	0.847065f, 0.292780f, -0.443578f, -0.191975f,
	0.333575f, -0.942607f, 0.014840f, 0.136959f,
	-0.413774f, -0.160536f, -0.896113f, 0.002129f
	},
	{
	-0.527469f, -0.451996f, -0.719358f, 0.126285f,
	0.666682f, -0.745055f, -0.020702f, 0.504856f,
	-0.526604f, -0.490503f, 0.694331f, -0.013250f
	},
	{
	0.253742f, -0.646637f, -0.719358f, 0.267495f,
	0.922651f, 0.385081f, -0.020702f, 0.326378f,
	0.290398f, -0.658463f, 0.694331f, 0.127729f
	},
	{
	-0.652776f, -0.250307f, -0.715003f, 0.216357f,
	0.338629f, -0.940704f, 0.020162f, 0.140430f,
	-0.677653f, -0.228960f, 0.698830f, 0.069203f
	},
	{
	0.000078f, -0.391496f, -0.920180f, -0.000042f,
	-0.995851f, -0.083759f, 0.035551f, 0.922299f,
	-0.090991f, 0.916360f, -0.389878f, 0.084201f
	},
	{
	-0.000004f, 0.000096f, -1.000000f, -0.000049f,
	-0.998897f, -0.046962f, 0.000000f, 0.462770f,
	-0.046962f, 0.998896f, 0.000096f, 0.009024f
	},
	{
	-0.000024f, 0.000093f, -1.000000f, -0.000048f,
	-0.967414f, -0.253197f, 0.000000f, 0.667089f,
	-0.253197f, 0.967414f, 0.000096f, 0.018630f
	},
	{
	0.728654f, 0.266781f, -0.630786f, -0.237678f,
	0.254850f, 0.749260f, 0.611278f, 0.869674f,
	0.635700f, -0.606166f, 0.477962f, 0.040581f
	},
	{
	0.368978f, -0.682616f, -0.630786f, -0.380144f,
	0.778160f, -0.144242f, 0.611278f, 0.819846f,
	-0.508254f, -0.716400f, 0.477962f, -0.083711f
	},
	{
	0.023238f, -0.786215f, -0.617516f, -0.446737f,
	0.459741f, -0.540091f, 0.704939f, 0.679403f,
	-0.887748f, -0.300279f, 0.348905f, 0.008019f
	},
	{
	0.023238f, -0.786215f, -0.617516f, -0.446737f,
	0.459742f, -0.540091f, 0.704939f, 0.679404f,
	-0.887748f, -0.300279f, 0.348905f, 0.008019f
	},
	{
	-0.803992f, -0.259979f, -0.534797f, 0.237586f,
	0.286056f, 0.619366f, -0.731135f, 0.872584f,
	0.521315f, -0.740808f, -0.423596f, 0.041297f
	},
	{
	-0.425451f, 0.730058f, -0.534797f, 0.394783f,
	0.666120f, -0.147396f, -0.731135f, 0.816654f,
	-0.612597f, -0.667301f, -0.423596f, -0.060630f
	},
	{
	0.048720f, 0.843575f, -0.534797f, 0.471568f,
	0.473794f, -0.490878f, -0.731135f, 0.696433f,
	-0.879287f, -0.217763f, -0.423596f, 0.049932f
	},
	{
	0.048720f, 0.843575f, -0.534797f, 0.471568f,
	0.473794f, -0.490878f, -0.731135f, 0.696433f,
	-0.879287f, -0.217763f, -0.423596f, 0.049932f
	},
	{
	0.608401f, 0.646036f, -0.460962f, -0.126387f,
	0.743693f, -0.666870f, 0.046949f, 0.502961f,
	-0.277071f, -0.371378f, -0.886177f, -0.013165f
	},
	{
	-0.482551f, 0.744754f, -0.460962f, -0.289263f,
	0.824799f, 0.563473f, 0.046949f, 0.303866f,
	0.294705f, -0.357546f, -0.886177f, 0.061011f
	},
	{
	0.847225f, 0.294113f, -0.442388f, -0.192012f,
	0.335085f, -0.942062f, 0.015415f, 0.137639f,
	-0.412223f, -0.161297f, -0.896691f, 0.001617f
	},
	{
	-0.531676f, -0.447664f, -0.718970f, 0.126285f,
	0.661032f, -0.750040f, -0.021821f, 0.502961f,
	-0.529487f, -0.486864f, 0.694699f, -0.013189f
	},
	{
	0.263452f, -0.643176f, -0.718970f, 0.268621f,
	0.916366f, 0.399746f, -0.021822f, 0.325995f,
	0.301440f, -0.653091f, 0.694699f, 0.128561f
	},
	{
	-0.652822f, -0.253691f, -0.713768f, 0.215526f,
	0.342751f, -0.939206f, 0.020332f, 0.141314f,
